time_ajustado	gFy
0,004872396	0,9454
0,005317604	0,9464
0,005592656	0,9467
0,005852031	0,945
0,006820833	0,9427
0,007208438	0,9415
0,007488229	0,9405
0,007759688	0,9391
0,008051406	0,9383
0,008365573	0,9386
0,008659219	0,9388
0,008937813	0,9383
0,009232292	0,9364
0,010051198	0,9347
0,012514271	0,9344
0,013172708	0,9347
0,013512135	0,9347
0,014601771	0,9339
0,018555313	0,9322
0,019084896	0,932
0,019427188	0,9322
0,019715469	0,9325
0,020659167	0,932
0,021669063	0,9312
0,022820677	0,9315
0,024065469	0,9317
0,025384948	0,9325
0,026556719	0,9332
0,027607448	0,9344
0,028775313	0,9366
0,030385365	0,9381
0,034671094	0,9383
0,035117656	0,9381
0,035404271	0,9374
0,035641563	0,9371
0,036167396	0,9381
0,03733849	0,9383
0,038544375	0,9383
0,039706771	0,9391
0,040933229	0,9398
0,042156042	0,9405
0,043380208	0,9413
0,044478958	0,9403
0,045720885	0,9405
0,047747969	0,9422
0,048341094	0,9427
0,049613698	0,9422
0,050834427	0,9422
0,052012708	0,9427
0,053089375	0,9427
0,054264948	0,9427
0,055611354	0,9432
0,056716771	0,9444
0,058711615	0,9444
0,05918526	0,9439
0,060194688	0,943
0,061387917	0,9405
0,062762865	0,9386
0,064811198	0,9386
0,066954271	0,9383
0,067314375	0,9366
0,067784844	0,9354
0,068813646	0,9352
0,069980781	0,9347
0,071322865	0,9339
0,072496354	0,9334
0,073673906	0,933
0,075186875	0,9325
0,076083854	0,9322
0,077190156	0,9315
0,078381563	0,93
0,079826823	0,9288
0,081877448	0,9293
0,08303125	0,93
0,084628646	0,9293
0,08510401	0,9273
0,086047708	0,9269
0,08709776	0,9269
0,088194427	0,9276
0,089380052	0,9281
0,091049063	0,9278
0,091769688	0,9293
0,093035156	0,931
0,094149427	0,9315
0,095345677	0,931
0,096523854	0,93
0,098309583	0,9293
0,099307292	0,9291
0,101070625	0,9286
0,101956719	0,9291
0,103206302	0,93
0,105047292	0,9305
0,106234219	0,9312
0,10687974	0,931
0,107879531	0,9305
0,10924526	0,9303
0,110261719	0,931
0,111704844	0,9322
0,112803646	0,9334
0,114776719	0,933
0,115426875	0,932
0,116611354	0,9327
0,117874115	0,9332
0,118848594	0,9337
0,120026562	0,9344
0,120731406	0,9356
0,122043698	0,9356
0,123213177	0,9344
0,124408281	0,9337
0,125593698	0,9342
0,126929792	0,9349
0,12802724	0,9354
0,12926526	0,9356
0,131797969	0,9347
0,133099687	0,9342
0,13396974	0,9339
0,134973073	0,9325
0,137790833	0,9317
0,138308073	0,9312
0,138697083	0,9315
0,139251823	0,9325
0,140385625	0,9327
0,141411406	0,933
0,142785469	0,9334
0,143865104	0,9339
0,145258646	0,9342
0,146216823	0,9349
0,151220104	0,9354
0,151789635	0,9349
0,152181146	0,9349
0,152515052	0,9347
0,152802917	0,9354
0,153807292	0,9369
0,155341406	0,9369
0,156506719	0,9361
0,15787875	0,9359
0,1588025	0,9364
0,160080573	0,9374
0,160894896	0,9374
0,1622975	0,9364
0,164710729	0,9359
0,165204896	0,9366
0,165858281	0,9383
0,167211927	0,9398
0,168772448	0,94
0,169581042	0,9403
0,17063901	0,9408
0,171747708	0,941
0,172957396	0,9415
0,174203437	0,9427
0,175532656	0,943
0,176663177	0,9425
0,177709479	0,942
0,179131823	0,9422
0,181500469	0,9427
0,181990937	0,942
0,182981875	0,941
0,184038802	0,9415
0,185317448	0,9432
0,186349896	0,9447
0,187534792	0,945
0,188965469	0,9447
0,190059792	0,9435
0,191520625	0,9425
0,192459583	0,9422
0,193699844	0,9417
0,194953437	0,9415
0,195944948	0,9408
0,198175729	0,9408
0,1987675	0,9405
0,199791354	0,9398
0,200917969	0,9398
0,202068021	0,9395
0,203191302	0,9391
0,204415312	0,9386
0,205761042	0,9383
0,207013177	0,9371
0,207973542	0,9364
0,209133021	0,9359
0,210421146	0,9354
0,211714375	0,9352
0,212936302	0,9342
0,214907448	0,933
0,215433229	0,9325
0,216662031	0,9327
0,217964792	0,9334
0,219114844	0,9342
0,220186198	0,9332
0,221326302	0,932
0,22278125	0,93
0,22389526	0,9273
0,224920937	0,9261
0,226077917	0,9264
0,227365833	0,9276
0,228471615	0,9278
0,229744219	0,9271
0,23199776	0,9266
0,232518333	0,9273
0,233710417	0,9291
0,235381198	0,93
0,236640781	0,931
0,237274427	0,9315
0,23862875	0,932
0,239579167	0,9322
0,240641979	0,9322
0,242054062	0,9332
0,243430833	0,9349
0,244441146	0,9349
0,245584792	0,9347
0,24788625	0,9354
0,248466667	0,9364
0,252473021	0,9366
0,253066719	0,9366
0,253427135	0,9366
0,253715417	0,9371
0,254339479	0,9378
0,25543625	0,9383
0,25662651	0,9383
0,25782151	0,9369
0,259147135	0,9361
0,260276406	0,9374
0,261436979	0,9378
0,262608542	0,9376
0,265477812	0,9369
0,267281406	0,9369
0,2696275	0,9374
0,270229479	0,9371
0,270725208	0,9371
0,271037812	0,9369
0,271343698	0,9352
0,272335	0,9344
0,273458437	0,9339
0,274843854	0,9327
0,2758675	0,9315
0,2770875	0,9305
0,278251719	0,9303
0,279451198	0,9303
0,282266719	0,9305
0,283005417	0,9303
0,283616875	0,9295
0,28476974	0,9293
0,286112917	0,9286
0,28713776	0,9281
0,288105208	0,9286
0,289313958	0,9283
0,290446927	0,9276
0,291738958	0,9271
0,29305099	0,9269
0,294202656	0,9271
0,295529896	0,9271
0,296511562	0,9266
0,298661719	0,9251
0,299254323	0,9244
0,300395365	0,9251
0,301549531	0,9261
0,302855781	0,9269
0,30387724	0,9281
0,304902917	0,9295
0,306080365	0,9303
0,307385677	0,9303
0,308479948	0,93
0,309840729	0,9303
0,311241771	0,9312
0,3121175	0,9325
0,313370052	0,9327
0,315644531	0,9315
0,316229792	0,9312
0,317440417	0,9317
0,318589583	0,9325
0,319779271	0,933
0,320805885	0,933
0,321983385	0,9327
0,323259479	0,932
0,324314792	0,9315
0,3256825	0,9317
0,326932969	0,932
0,327984948	0,9317
0,32923401	0,9317
0,331980729	0,9312
0,332557812	0,9303
0,332921667	0,9303
0,334234375	0,9308
0,336501354	0,9305
0,337431667	0,93
0,337888177	0,9303
0,338907031	0,9298
0,339987344	0,9286
0,341123906	0,9281
0,342288125	0,9283
0,343737604	0,9286
0,344837552	0,9283
0,34601151	0,9281
0,35093776	0,9278
0,351593385	0,9276
0,351991302	0,9273
0,352302812	0,9269
0,352615937	0,9273
0,353629635	0,9286
0,354661875	0,9288
0,355893594	0,9293
0,357005677	0,9291
0,358230573	0,9286
0,359560469	0,9281
0,360576406	0,9278
0,361878177	0,9278
0,363136406	0,9266
0,364808021	0,9261
0,365835156	0,9261
0,366969896	0,9261
0,368145208	0,9261
0,369227552	0,9254
0,370617656	0,9249
0,371972448	0,9251
0,373270312	0,9251
0,374171719	0,9259
0,375448594	0,9276
0,376968177	0,9293
0,377946458	0,9303
0,379189896	0,9308
0,380575573	0,9312
0,382769792	0,9317
0,383399375	0,9327
0,384411406	0,9342
0,387080833	0,9337
0,387571667	0,9339
0,387908854	0,9339
0,388810417	0,933
0,389957448	0,9325
0,391464739	0,9337
0,392160417	0,9347
0,393302969	0,9334
0,394673177	0,9325
0,395745729	0,933
0,398384948	0,9327
0,398924375	0,9322
0,399502239	0,9315
0,40076651	0,9315
0,402118542	0,931
0,403345989	0,9295
0,404379375	0,9295
0,405698385	0,9295
0,406607344	0,9288
0,408009896	0,9278
0,409202239	0,9269
0,410378698	0,9269
0,41150625	0,9273
0,412784531	0,9273
0,416036146	0,9269
0,416701719	0,9273
0,417053073	0,9276
0,417789375	0,9271
0,419543229	0,9259
0,4201725	0,9254
0,421325833	0,9264
0,422449323	0,9271
0,423719219	0,9283
0,425018489	0,93
0,426283489	0,9305
0,427350781	0,9298
0,428572812	0,93
0,429660104	0,9305
0,431892917	0,9325
0,432500052	0,9339
0,433696614	0,9337
0,434939896	0,9347
0,435907604	0,9361
0,437058542	0,9369
0,438141667	0,9378
0,439390937	0,9381
0,440512239	0,9378
0,441671146	0,9369
0,443104219	0,9359
0,444145469	0,9352
0,445383646	0,9344
0,446472604	0,9349
0,450859323	0,9352
0,451486198	0,9352
0,451860885	0,9349
0,452211823	0,9349
0,453709948	0,9347
0,454152083	0,9334
0,455320989	0,9325
0,456489062	0,9317
0,457614635	0,931
0,458906302	0,9305
0,460207969	0,9298
0,46134901	0,9286
0,463299427	0,9269
0,465283385	0,9254
0,465849948	0,9251
0,466183177	0,9242
0,467547187	0,9229
0,468475469	0,9227
0,469821562	0,921
0,470839114	0,9183
0,472010469	0,9168
0,473146302	0,9164
0,474413333	0,9156
0,475616614	0,9142
0,47681276	0,9129
0,477995052	0,9117
0,479390885	0,9098
0,482394687	0,909
0,484719687	0,9083
0,485146875	0,9068
0,485470937	0,9061
0,486279635	0,9056
0,487014635	0,9054
0,488000573	0,9056
0,489046458	0,9059
0,490191771	0,9063
0,491469948	0,9068
0,492643437	0,9078
0,493766562	0,9088
0,495126146	0,9102
0,496209323	0,91
0,499116406	0,9088
0,499854427	0,9093
0,500280989	0,9105
0,50163776	0,9107
0,502636146	0,911
0,504282083	0,912
0,504994948	0,9124
0,506190833	0,9129
0,507258802	0,9137
0,508403385	0,9139
0,509787656	0,9146
0,511274479	0,9149
0,512079062	0,9144
0,513201875	0,9144
0,515710104	0,9146
0,517304948	0,9156
0,519049739	0,9164
0,520252083	0,9166
0,520824635	0,9168
0,521373646	0,9173
0,521799583	0,9183
0,523452604	0,9183
0,52433276	0,9183
0,525457969	0,9186
0,526601719	0,9183
0,527763854	0,9168
0,528965	0,9154
0,530326302	0,9146
0,534873646	0,9134
0,536260781	0,9124
0,536890573	0,9124
0,537452187	0,9112
0,537947656	0,9093
0,538398125	0,9081
0,539006146	0,9073
0,540437916	0,9066
0,541235416	0,9059
0,543690156	0,9041
0,544416979	0,9015
0,544865364	0,8993
0,546327239	0,898
0,551894219	0,8978
0,552425677	0,8968
0,552736771	0,8954
0,553045312	0,8949
0,553318125	0,8954
0,553563698	0,8951
0,554372448	0,8946
0,555586875	0,8946
0,556714635	0,8949
0,557955625	0,8958
0,55940776	0,8966
0,56041276	0,8971
0,56171526	0,898
0,563085989	0,8978
0,564993385	0,8993
0,565729791	0,9034
0,566779583	0,9061
0,567785364	0,9078
0,568945937	0,91
0,570136562	0,912
0,571412083	0,9146
0,572468021	0,9173
0,573755781	0,9198
0,5748525	0,9234
0,576161406	0,9291
0,577348854	0,9339
0,57854526	0,9374
0,579731458	0,9405
0,58224875	0,9432
0,584542187	0,9476
0,585475729	0,9525
0,586987708	0,9579
0,588038489	0,9625
0,588609948	0,9667
0,589120989	0,9718
0,589572812	0,9757
0,590800312	0,9791
0,591923594	0,9833
0,59315026	0,9872
0,594438125	0,9904
0,595424062	0,994
0,596798489	0,9965
0,600675573	0,9979
0,603159271	1,0004
0,604125208	1,0026
0,604664479	1,0046
0,605172396	1,0082
0,60558526	1,0121
0,606016719	1,0143
0,606382864	1,0158
0,607951979	1,0175
0,608723333	1,0197
0,610080364	1,0209
0,611226562	1,0219
0,612581823	1,0221
0,613745729	1,0224
0,61664901	1,0226
0,61797026	1,0216
0,618767969	1,0209
0,619393177	1,0209
0,619946458	1,0212
0,621238281	1,0214
0,622618646	1,0214
0,623499948	1,0199
0,624609271	1,017
0,62603026	1,0148
0,62727901	1,0131
0,628520364	1,0114
0,629430364	1,0097
0,632465989	1,0068
0,633201771	1,0028
0,633636198	0,9992
0,634858437	0,9967
0,635842708	0,994
0,637493177	0,9921
0,638015156	0,9896
0,639379739	0,9865
0,640450208	0,9823
0,641774948	0,9779
0,643900469	0,9745
0,644424583	0,9708
0,646040208	0,9674
0,647505521	0,9645
0,648371666	0,9611
0,657634739	0,9584
0,659009739	0,955
0,659876094	0,952
0,660282344	0,9496
0,660663333	0,9457
0,661082604	0,9422
0,661428906	0,94
0,661783177	0,9381
0,67074026	0,9359
0,671851927	0,9342
0,67228375	0,9332
0,672621458	0,9325
0,672933594	0,931
0,673243229	0,9291
0,673562031	0,9278
0,673890521	0,9271
0,674200156	0,9269
0,674596979	0,9283
0,674927135	0,9288
0,675229114	0,9281
0,675560364	0,9278
0,675953437	0,9288
0,676288281	0,9303
0,676712969	0,9322
0,677970833	0,9337
0,679163021	0,9349
0,680557239	0,9369
0,6830325	0,9386
0,683654583	0,9398
0,683979114	0,9413
0,685798073	0,943
0,686318073	0,9447
0,687597552	0,9464
0,688790521	0,9481
0,68992776	0,9493
0,69169776	0,9506
0,692526927	0,9513
0,693726614	0,9528
0,694968802	0,9545
0,695947812	0,955
0,699102135	0,9557
0,700730625	0,9562
0,702672448	0,9569
0,703302656	0,9584
0,703657187	0,9596
0,704592552	0,9594
0,704995052	0,9584
0,705949687	0,9574
0,707048437	0,9567
0,708163177	0,9559
0,709316146	0,9562
0,710617656	0,9564
0,711889791	0,9564
0,712972812	0,9559
0,715983594	0,955
0,716755156	0,9547
0,718443385	0,9542
0,719118906	0,953
0,719848906	0,9513
0,720641406	0,9491
0,721769219	0,9471
0,722783541	0,9457
0,723938906	0,9442
0,725179271	0,9432
0,726376458	0,9422
0,728004635	0,9403
0,728647083	0,9381
0,729796302	0,9369
0,732184375	0,9352
0,732773177	0,9317
0,733825312	0,9298
0,734986458	0,9293
0,736325416	0,9276
0,737363437	0,9256
0,738355573	0,9232
0,739759427	0,9212
0,740765052	0,9198
0,741989166	0,9181
0,743496875	0,9164
0,744461979	0,9134
0,745644635	0,9102
0,747031719	0,9088
0,751226719	0,9066
0,752008802	0,9049
0,752483229	0,9046
0,752885729	0,9041
0,753342604	0,9032
0,754910104	0,9017
0,757024114	0,9005
0,75767625	0,9002
0,758112604	0,901
0,759229791	0,901
0,760372916	0,8995
0,761621406	0,8983
0,76313776	0,8968
0,764064166	0,8954
0,767188229	0,8949
0,767964791	0,8941
0,768412343	0,8941
0,76917026	0,8954
0,770105625	0,8958
0,771684739	0,8949
0,772519896	0,8927
0,773677031	0,8912
0,775314791	0,8917
0,776185729	0,8924
0,777285521	0,8922
0,778480052	0,8905
0,779783802	0,889
0,784832083	0,888
0,785833541	0,8875
0,786448437	0,8873
0,787110364	0,888
0,787596354	0,8888
0,788415468	0,8895
0,788908906	0,889
0,791193437	0,8878
0,791840156	0,8873
0,792301093	0,8865
0,793033854	0,8868
0,794296979	0,8883
0,795532031	0,889
0,796571198	0,8885
0,799770104	0,8888
0,800712239	0,8888
0,801309479	0,8895
0,801778854	0,891
0,802827187	0,8929
0,803966718	0,8951
0,805061562	0,8963
0,80643526	0,8971
0,807394583	0,8973
0,808679583	0,8988
0,810004479	0,9007
0,811192239	0,9024
0,812311614	0,9051
0,813874531	0,9073
0,81866	0,9095
0,819914739	0,9129
0,820487083	0,9156
0,821002187	0,9186
0,821461771	0,9215
0,821854218	0,9249
0,822218021	0,9283
0,823497396	0,9308
0,824471458	0,9344
0,825591666	0,9383
0,827141406	0,9415
0,828094166	0,945
0,829331198	0,9489
0,833893333	0,9533
0,835263125	0,9572
0,835894062	0,9608
0,836392135	0,9642
0,836834062	0,9664
0,837272812	0,9689
0,837801041	0,9718
0,839302083	0,9752
0,840217291	0,9777
0,841639531	0,9804
0,844367031	0,984
0,84512026	0,9867
0,845502864	0,9882
0,846148281	0,9896
0,852535885	0,9906
0,853191041	0,9916
0,853586562	0,994
0,853934218	0,996
0,854234271	0,9962
0,854559375	0,9974
0,854996718	0,9979
0,855943489	0,9977
0,857070312	0,9979
0,858452396	0,9987
0,859713802	0,9999
0,860726041	1,0009
0,861951979	1,0006
0,863276458	0,9996
0,865726771	0,9992
0,866278854	0,9992
0,86704026	0,9987
0,867987812	0,9972
0,869202968	0,9965
0,870333125	0,9967
0,871960781	0,9955
0,873011927	0,9933
0,873945468	0,9923
0,875255156	0,9913
0,876417396	0,9896
0,877514687	0,9877
0,878990677	0,9862
0,880091406	0,9845
0,883319218	0,9835
0,883943125	0,9833
0,884304739	0,9826
0,885334427	0,9823
0,886706771	0,9823
0,887576354	0,9813
0,888586041	0,9806
0,889819271	0,9796
0,891137135	0,9779
0,892154635	0,9767
0,893528646	0,9755
0,894613333	0,9747
0,895996302	0,974
0,898637968	0,9728
0,89930625	0,9718
0,900329218	0,9718
0,901075156	0,9725
0,90211526	0,9725
0,903563177	0,9711
0,904301875	0,9701
0,905696093	0,9708
0,906903906	0,9713
0,908030416	0,9703
0,909582239	0,9701
0,91041875	0,9706
0,911629583	0,9708
0,913261093	0,9708
0,91600776	0,9701
0,916758541	0,9701
0,917467448	0,9711
0,918940052	0,9728
0,91960901	0,9752
0,921055468	0,9764
0,922076771	0,9774
0,923147031	0,9782
0,924065052	0,9786
0,926084218	0,9794
0,927239271	0,9799
0,928029427	0,9811
0,928966666	0,9823
0,930331354	0,9833
0,933723177	0,9843
0,934806093	0,9855
0,935441771	0,9869
0,935994843	0,9884
0,936497656	0,9906
0,937327656	0,9921
0,938623125	0,9928
0,939785781	0,9938
0,940699323	0,9938
0,942044896	0,9938
0,943353437	0,9945
0,944549114	0,9957
0,945815104	0,9972
0,947106406	0,9992
0,953411198	1,0009
0,954260312	1,0011
0,954928125	1,0006
0,955512708	1,0011
0,955997864	1,0021
0,95650026	1,0024
0,956951406	1,0024
0,957412239	1,0024
0,95783651	1,0031
0,959055364	1,0038
0,960366198	1,0046
0,961560208	1,0063
0,962826146	1,0082
0,971524895	1,0092
0,97239651	1,0099
0,972959583	1,0109
0,973418229	1,0121
0,973905104	1,0138
0,974362031	1,0155
0,974936093	1,0163
0,97541375	1,016
0,975935677	1,0158
0,976400052	1,017
0,97686927	1,018
0,977355	1,0175
0,978463281	1,0175
0,979755104	1,0187
0,987816406	1,0204
0,988820156	1,0212
0,989409687	1,0207
0,989934114	1,0204
0,990424531	1,0202
0,991105677	1,0197
0,991596979	1,0192
0,992102135	1,019
0,992546041	1,018
0,993017864	1,0163
1,001783802	1,0146
1,003591614	1,0126
1,004409583	1,0102
1,004929531	1,008
1,005399635	1,0058
1,005829948	1,0036
1,006275989	1,0001
1,006791927	0,997
1,007277031	0,994
1,007708281	0,9913
1,008121979	0,9896
1,008550104	0,9877
1,0089475	0,984
1,009364843	0,9806
1,009780416	0,9782
1,012340677	0,9755
1,012867604	0,9728
1,013297812	0,9701
1,022272343	0,9679
1,023376823	0,965
1,023874531	0,962
1,024315468	0,9606
1,024700989	0,9589
1,025089843	0,9572
1,025462135	0,9555
1,02584901	0,9542
1,026235989	0,9537
1,026730156	0,953
1,027107812	0,9518
1,027718906	0,9501
1,02889427	0,9486
1,036205937	0,9489
1,037519895	0,9491
1,038308073	0,9474
1,03945026	0,9459
1,040336666	0,9462
1,041060937	0,9471
1,041581093	0,9484
1,042162812	0,9496
1,043164062	0,9496
1,043755156	0,9491
1,044461666	0,9498
1,044893281	0,9518
1,045314114	0,9533
1,045918593	0,954
1,047825364	0,9552
1,049428541	0,9564
1,049986302	0,9589
1,051580208	0,9625
1,052506458	0,9647
1,05374177	0,9674
1,05510375	0,9708
1,055842604	0,9735
1,05685302	0,976
1,058122708	0,9789
1,059613073	0,9813
1,060552135	0,9838
1,061807968	0,9869
1,063507395	0,9899
1,065339062	0,9926
1,066479218	0,9955
1,06709927	0,9977
1,068703229	1,0009
1,069264479	1,0038
1,070909531	1,0068
1,071529583	1,0092
1,072699479	1,0107
1,074049114	1,0133
1,075310677	1,0153
1,076440937	1,0168
1,078086198	1,0175
1,078726666	1,0173
1,079982395	1,0182
1,081605208	1,0202
1,082969114	1,0216
1,083874166	1,0226
1,085513281	1,0236
1,086318489	1,0243
1,087221823	1,0241
1,088309687	1,0241
1,08953552	1,0241
1,091275781	1,0231
1,09239802	1,0216
1,093081145	1,0195
1,094663177	1,0175
1,097547916	1,0155
1,098098593	1,0136
1,098556458	1,0114
1,100685312	1,0085
1,101372031	1,0068
1,101873906	1,0048
1,103317916	1,0014
1,104243854	0,9984
1,105480573	0,996
1,106628958	0,9933
1,108016718	0,9899
1,110983333	0,9862
1,111402916	0,983
1,111633489	0,9789
1,112477552	0,9745
1,114456718	0,9713
1,115308593	0,9679
1,11619276	0,9652
1,117435885	0,9625
1,118597083	0,9589
1,119690781	0,9557
1,121009166	0,9533
1,12209677	0,9508
1,123484218	0,9474
1,12450125	0,943
1,125893593	0,9391
1,12723026	0,9356
1,128220156	0,9325
1,129373489	0,9303
1,131825781	0,9278
1,132509218	0,9251
1,133421875	0,9229
1,135076614	0,9207
1,13627802	0,9193
1,137267448	0,9176
1,138196562	0,9154
1,13970276	0,9137
1,140513229	0,9115
1,141588385	0,909
1,143123698	0,9081
1,144057864	0,9068
1,145267343	0,9056
1,146619635	0,9044
1,152350416	0,9024
1,153124895	0,9
1,153671718	0,8963
1,154135312	0,8927
1,15472651	0,8927
1,155179375	0,8971
1,155614375	0,9015
1,156196198	0,9054
1,157580937	0,9083
1,158669687	0,909
1,160108229	0,9098
1,16117651	0,9112
1,162334583	0,9124
1,163886823	0,9132
1,16800375	0,9122
1,16878302	0,9124
1,169290052	0,9134
1,16977802	0,9134
1,170228802	0,9124
1,171172604	0,9124
1,172088958	0,9137
1,173208593	0,9149
1,174398125	0,9154
1,175690052	0,9149
1,177038958	0,9161
1,177958385	0,9173
1,179350312	0,9183
1,180573489	0,9205
1,184342812	0,9212
1,185099114	0,9225
1,185638698	0,9254
1,186451093	0,9283
1,1871425	0,9312
1,188153541	0,9344
1,189298125	0,9369
1,190402604	0,9398
1,19163026	0,9427
1,192796406	0,9464
1,194172291	0,9501
1,195316302	0,9533
1,196475104	0,9567
1,201679843	0,9606
1,202451614	0,9659
1,203063593	0,9706
1,203509218	0,9745
1,203978645	0,9779
1,2044	0,9818
1,205046979	0,9862
1,205850885	0,9909
1,20717276	0,9952
1,208420104	0,9987
1,209390572	1,0033
1,21065875	1,0097
1,212614947	1,0146
1,214424687	1,019
1,215393072	1,0234
1,218922135	1,0275
1,219531197	1,0314
1,219899583	1,0356
1,220192968	1,04
1,220467031	1,0451
1,221664114	1,048
1,223027552	1,0488
1,223905468	1,0488
1,22511552	1,0488
1,226539427	1,047
1,22752375	1,0409
1,228778072	1,039
1,230019531	1,0451
1,232531145	1,0539
1,233241875	1,062
1,233799531	1,0671
1,235143802	1,0705
1,23623	1,0732
1,237399843	1,0742
1,238393802	1,0744
1,239697187	1,0739
1,241038281	1,0742
1,242100625	1,0737
1,243469166	1,0725
1,24453401	1,07
1,245839166	1,0669
1,251396875	1,0649
1,252189218	1,0632
1,252690625	1,061
1,253164635	1,058
1,253619635	1,0551
1,254071562	1,0519
1,254608854	1,0495
1,255583697	1,0466
1,256671302	1,0422
1,257812239	1,0385
1,25939375	1,0358
1,260966979	1,0331
1,261519531	1,0304
1,262629427	1,027
1,265038593	1,0238
1,265673906	1,0214
1,266697395	1,019
1,267879427	1,0155
1,269124114	1,0126
1,270337239	1,0102
1,271428385	1,0075
1,27237776	1,0033
1,273524583	0,9992
1,274811093	0,997
1,276098906	0,9935
1,277160833	0,9894
1,278283489	0,9818
1,279701145	0,9708
1,281928385	0,9655
1,282674427	0,9672
1,28340401	0,9718
1,28522901	0,9764
1,287801562	0,9799
1,288648333	0,9816
1,289170156	0,9813
1,289609479	0,9816
1,290406979	0,9818
1,292032968	0,9813
1,292880052	0,9806
1,294005989	0,9806
1,295303281	0,9801
1,296442604	0,9794
1,299247812	0,9789
1,299811614	0,9779
1,302050625	0,9774
1,302775208	0,9779
1,3031775	0,9791
1,30418375	0,9799
1,305257187	0,9801
1,306399375	0,9801
1,307581197	0,9804
1,308739895	0,9816
1,310172447	0,9823
1,31151026	0,9845
1,312645729	0,9865
1,313952864	0,9872
1,320582395	0,9882
1,321890104	0,9896
1,322439375	0,9918
1,323030989	0,9935
1,323439479	0,9952
1,323814583	0,9972
1,324206562	0,9992
1,324562708	0,9994
1,324920468	1,0004
1,326226145	1,0018
1,327071458	1,0033
1,328364427	1,0043
1,329172604	1,0046
1,331387968	1,0048
1,331894479	1,005
1,334062916	1,0058
1,335570833	1,006
1,336798854	1,0063
1,337628333	1,0068
1,338149375	1,006
1,339334427	1,0055
1,340100104	1,0058
1,341158958	1,0043
1,3423075	1,0028
1,343751302	1,0011
1,344810989	0,9982
1,346030833	0,997
1,354028281	0,9962
1,354822968	0,9933
1,355190416	0,9891
1,355548958	0,9869
1,35587526	0,986
1,356202604	0,9838
1,35650552	0,9813
1,35682927	0,9796
1,357157187	0,9784
1,358354166	0,9764
1,359699687	0,9747
1,360730677	0,9728
1,361834218	0,9706
1,363565625	0,9699
1,370786562	0,9691
1,371734583	0,9681
1,372287552	0,9681
1,372734062	0,9684
1,373190833	0,9684
1,373642187	0,9679
1,374078333	0,9664
1,37471901	0,9659
1,375216093	0,9664
1,375696458	0,9669
1,376521666	0,9677
1,377718854	0,9677
1,379081406	0,9686
1,380193645	0,9708
1,384938177	0,9721
1,385628125	0,9706
1,386066822	0,9681
1,386457395	0,9659
1,38693125	0,9616
1,387809427	0,9508
1,388537708	0,9417
1,389704687	0,9435
1,390946093	0,9506
1,392905781	0,9584
1,394243072	0,9664
1,395074947	0,9735
1,39573802	0,9784
1,397317604	0,9818
1,400615729	0,9845
1,402139791	0,9857
1,403467083	0,9872
1,404389114	0,9877
1,405021041	0,9862
1,405507916	0,9848
1,405967343	0,9833
1,406677135	0,9811
1,407787447	0,9806
1,409040989	0,9799
1,410225677	0,9786
1,411639114	0,9777
1,412627031	0,976
1,416153906	0,974
1,416862916	0,9713
1,417323906	0,9694
1,417815312	0,9686
1,419408281	0,9686
1,420407812	0,9689
1,421418177	0,9681
1,422435989	0,9664
1,423763749	0,9652
1,425118645	0,9647
1,426555468	0,9659
1,427519531	0,9662
1,428500364	0,9659
1,429807343	0,965
1,432696093	0,9579
1,433537499	0,9491
1,434100156	0,9464
1,43520427	0,9511
1,43627802	0,9589
1,437456979	0,9669
1,438689479	0,9738
1,439782239	0,9789
1,440820312	0,983
1,441914895	0,9862
1,443162812	0,9872
1,444330624	0,9882
1,445572968	0,9887
1,446819583	0,9882
1,451741718	0,9882
1,452495052	0,9872
1,45297776	0,9852
1,453388385	0,983
1,453861093	0,9813
1,454270104	0,9799
1,456334322	0,9784
1,457009843	0,9772
1,458038281	0,9755
1,459237291	0,9735
1,460857499	0,9713
1,461600208	0,9699
1,463126406	0,9694
1,465802031	0,9679
1,466455885	0,9657
1,467004947	0,964
1,467863749	0,9606
1,469046562	0,9589
1,470319479	0,9581
1,471267447	0,9562
1,472538229	0,9545
1,473834739	0,9528
1,475295729	0,9506
1,478884791	0,9481
1,479585624	0,9464
1,480075781	0,9452
1,480593854	0,9437
1,481049427	0,942
1,483541041	0,94
1,48482651	0,9393
1,485471458	0,9393
1,486005677	0,9381
1,487293541	0,9366
1,488302812	0,9354
1,489271302	0,9337
1,490426822	0,9327
1,491544947	0,9325
1,492831979	0,931
1,49402802	0,9244
1,495246614	0,9149
1,496550781	0,91
1,499010572	0,9117
1,499724583	0,9178
1,500266041	0,9259
1,501212708	0,9359
1,502749166	0,9452
1,503747447	0,9528
1,504806458	0,9596
1,506120104	0,9642
1,507467552	0,9647
1,508426979	0,9625
1,509774062	0,9633
1,511068802	0,9681
1,512160052	0,9733
1,513151458	0,9794
1,515624479	0,986
1,516347864	0,9921
1,517348177	0,9977
1,518344531	1,0033
1,519482708	1,0085
1,520664062	1,0121
1,521780156	1,0148
1,523375989	1,0158
1,524454374	1,017
1,525491822	1,0202
1,526600624	1,0224
1,527787812	1,0246
1,528936354	1,0268
1,53233927	1,0212
1,533155833	1,0094
1,533681406	1,0006
1,534195156	0,9999
1,535440416	1,0058
1,537313177	1,0143
1,538095885	1,0246
1,539112552	1,0348
1,540028906	1,0434
1,541254947	1,0505
1,542404947	1,0561
1,543985989	1,0595
1,544877395	1,0617
1,546071458	1,0629
1,551941249	1,0625
1,552697604	1,0607
1,553204895	1,0588
1,553733437	1,0575
1,554175833	1,0561
1,554730364	1,0534
1,555202552	1,05
1,555675208	1,0466
1,557140052	1,0436
1,558162395	1,0407
1,559386093	1,0326
1,560620781	1,0207
1,561797552	1,0114
1,563337031	1,0053
1,566542343	1,0014
1,567387031	1,0001
1,567972708	1,0018
1,569089947	1,007
1,569589114	1,0124
1,571420572	1,0187
1,572563281	1,0251
1,573278802	1,0297
1,573973593	1,0336
1,575406562	1,0346
1,576427083	1,0334
1,577343958	1,0319
1,578471874	1,0304
1,579866927	1,0282
1,584959635	1,0246
1,586771562	1,0207
1,587959947	1,0177
1,589341249	1,0148
1,590005364	1,0109
1,590858906	1,008
1,59150651	1,0065
1,591870885	1,0033
1,592207968	0,9996
1,592875104	0,9962
1,593209374	0,9933
1,595037135	0,9913
1,595766562	0,9891
1,596897708	0,9865
1,599641041	0,9833
1,601441093	0,9806
1,602050781	0,9786
1,602437604	0,9769
1,60307401	0,975
1,604295156	0,973
1,605557916	0,9711
1,606673958	0,9686
1,607712083	0,965
1,608894895	0,9603
1,610084062	0,9576
1,611465416	0,9562
1,612561249	0,953
1,61516026	0,9491
1,615866249	0,9459
1,616563541	0,9422
1,617731197	0,9378
1,619253281	0,9334
1,620195104	0,9288
1,622279166	0,9249
1,622962239	0,9217
1,623593177	0,9176
1,624714895	0,9134
1,626118749	0,9102
1,627418749	0,9063
1,62825677	0,9037
1,629513281	0,9012
1,632055781	0,8978
1,632840937	0,8954
1,633428854	0,8934
1,63483052	0,8919
1,63573401	0,8905
1,637512031	0,8895
1,638790156	0,8885
1,639475624	0,8878
1,640384531	0,888
1,641613749	0,888
1,642897708	0,888
1,644121666	0,8883
1,645280572	0,889
1,646353645	0,8897
1,656447031	0,8893
1,657624635	0,8895
1,658188124	0,891
1,658730989	0,8929
1,659554947	0,8956
1,659987135	0,8985
1,660371458	0,901
1,660880781	0,9027
1,661383958	0,9041
1,661843229	0,9059
1,662226666	0,9085
1,663036874	0,9127
1,664149843	0,9154
1,66457401	0,9178
1,664898072	0,9215
1,672077864	0,9249
1,673240833	0,9288
1,673701301	0,9334
1,674135989	0,9364
1,674645364	0,9386
1,675112708	0,941
1,675556145	0,9442
1,676021874	0,9462
1,676590364	0,9467
1,676926458	0,9489
1,677822239	0,9503
1,679287864	0,9501
1,680724374	0,9493
1,682216458	0,9491
1,685142291	0,9486
1,685661666	0,9471
1,685948541	0,9454
1,686424218	0,9439
1,687867499	0,9422
1,68886776	0,94
1,690063385	0,9386
1,691393906	0,9361
1,692366562	0,9322
1,693613489	0,9293
1,694954479	0,9278
1,695952135	0,9261
1,697926041	0,9229
1,698588854	0,9186
1,700008645	0,9144
1,701113697	0,9117
1,70338401	0,9088
1,703889583	0,9054
1,70455802	0,9024
1,705830729	0,899
1,707055729	0,8954
1,708166822	0,8917
1,709626614	0,8875
1,710824374	0,8831
1,711918697	0,8795
1,713147551	0,8758
1,715515208	0,8726
1,716302499	0,868
1,716876041	0,8636
1,718262395	0,8607
1,719478958	0,857
1,721800468	0,8536
1,723636458	0,8502
1,724509062	0,847
1,725182604	0,8433
1,725861406	0,8399
1,727527447	0,8375
1,728506301	0,834
1,729055416	0,8309
1,733616145	0,8284
1,735379062	0,8267
1,736441197	0,8257
1,737077343	0,8245
1,737656249	0,8238
1,738242187	0,823
1,739066562	0,8203
1,739701458	0,8174
1,740179166	0,8167
1,741497864	0,8157
1,742157135	0,814
1,743449895	0,8128
1,744803072	0,812
1,746338854	0,8125
1,755959843	0,814
1,756600208	0,815
1,756925729	0,8137
1,757222291	0,8115
1,757498854	0,8096
1,757801926	0,8096
1,758084687	0,8091
1,758360833	0,8064
1,758811249	0,8072
1,759148645	0,8084
1,759456354	0,8074
1,760400676	0,8103
1,761614062	0,8198
1,762781666	0,8336
1,772373906	0,8497
1,773650833	0,8665
1,774161614	0,8831
1,774842239	0,8985
1,775276145	0,9115
1,775648854	0,9212
1,77623151	0,9283
1,776588749	0,9344
1,776924687	0,9393
1,777261614	0,9447
1,777575104	0,9501
1,777890729	0,9552
1,778416979	0,9594
1,779653437	0,9625
1,783598176	0,9662
1,785191562	0,9706
1,785988697	0,975
1,786733176	0,9791
1,787294114	0,9826
1,787807135	0,9865
1,788264166	0,9894
1,789360364	0,9899
1,790671458	0,985
1,791829374	0,976
1,793012031	0,9677
1,794173385	0,963
1,795602968	0,9635
1,797500624	0,9677
1,798014531	0,973
1,800330156	0,9808
1,80093651	0,9913
1,802849635	1,0024
1,80818526	1,0094
1,808795051	1,0146
1,809065468	1,0195
1,809309322	1,0241
1,809500676	1,0302
1,809718697	1,037
1,810424635	1,0431
1,811444843	1,0485
1,812754947	1,0507
1,816900572	1,0488
1,817632968	1,0434
1,818069947	1,0353
1,818586249	1,0251
1,81903802	1,0143
1,819788437	1,0033
1,820858072	0,9916
1,821987187	0,9811
1,823326354	0,9713
1,824424114	0,9625
1,826047395	0,9537
1,826883229	0,9439
1,828187031	0,9347
1,829354479	0,9269
1,831687656	0,92
1,832390989	0,9134
1,83316552	0,9071
1,834462812	0,9017
1,835470833	0,8966
1,836654947	0,891
1,837849791	0,8853
1,83895401	0,8795
1,840057656	0,8738
1,841351458	0,868
1,842476666	0,8619
1,84372526	0,856
1,844883385	0,8502
1,846074843	0,8436
1,850999739	0,8382
1,85179401	0,8336
1,852305833	0,8279
1,852802603	0,8213
1,853266822	0,8157
1,853713801	0,8111
1,854787499	0,8072
1,855940572	0,8028
1,857465364	0,8001
1,858721249	0,7984
1,859717291	0,7957
1,860706041	0,7935
1,861788437	0,7927
1,863612291	0,7927
1,866698489	0,791
1,867649478	0,7888
1,868345572	0,7869
1,868807864	0,7862
1,869254218	0,7862
1,870455416	0,7869
1,87153526	0,7886
1,872711406	0,7893
1,874016145	0,7901
1,875333749	0,7927
1,876550051	0,7957
1,877951666	0,7974
1,879034114	0,7988
1,880009426	0,8003
1,882009322	0,8028
1,882785572	0,8047
1,884018749	0,8069
1,885310208	0,8079
1,886768853	0,8076
1,887412656	0,8084
1,88857901	0,8089
1,889606614	0,8098
1,89113302	0,8135
1,892166301	0,8184
1,893305051	0,8233
1,895702708	0,8277
1,896732395	0,8309
1,900252864	0,834
1,901632812	0,8365
1,902386562	0,8379
1,903349583	0,8387
1,903980833	0,8382
1,904678697	0,8379
1,90523901	0,8397
1,905887135	0,8409
1,906949635	0,8419
1,908029791	0,8423
1,909362812	0,8416
1,910365156	0,8401
1,911437083	0,8389
1,91255651	0,8365
1,915039999	0,834
1,915669478	0,8333
1,916740103	0,8316
1,917752968	0,8279
1,91905927	0,8238
1,92041901	0,8164
1,921209895	0,8091
1,922428124	0,8076
1,923670416	0,8106
1,924891093	0,8162
1,926282031	0,8213
1,927479999	0,8225
1,928456666	0,8218
1,929604947	0,8206
1,93200302	0,8174
1,932714947	0,8125
1,933661041	0,8067
1,934914895	0,8018
1,935988072	0,7969
1,937105676	0,791
1,938580624	0,7857
1,939472135	0,7808
1,940753072	0,7757
1,941943749	0,7703
1,943210312	0,7659
1,944519478	0,7617
1,945526562	0,7576
1,946784739	0,7534
1,952520312	0,75
1,953519583	0,7466
1,954142551	0,7436
1,954959062	0,7427
1,955556614	0,7414
1,956120156	0,7383
1,95664302	0,7351
1,95717052	0,7326
1,957673489	0,7317
1,959350937	0,7314
1,960066406	0,7305
1,961430208	0,729
1,962598072	0,7278
1,971331249	0,7265
1,973502603	0,7265
1,97417052	0,7258
1,975295937	0,7251
1,976518281	0,7261
1,977080989	0,7263
1,977533958	0,7258
1,978005833	0,7265
1,978371978	0,7287
1,979098697	0,7295
1,980098072	0,73
1,980695364	0,7317
1,981143176	0,7324
1,982437916	0,7317
1,983337083	0,7322
1,983872187	0,7329
1,984368906	0,7346
1,988205833	0,7361
1,989075416	0,7373
1,989552499	0,7385
1,990146406	0,7385
1,990621093	0,7388
1,990983645	0,7395
1,991791145	0,7392
1,993708541	0,7373
1,994163853	0,7346
1,995472551	0,7326
1,99646677	0,7314
1,998193333	0,7305
1,999097135	0,7285
2,001698593	0,7246
2,002236874	0,7207
2,003246926	0,7178
2,004143801	0,7146
2,005147499	0,7106
2,006394687	0,7072
2,007532239	0,7038
2,008712499	0,6997
2,009903176	0,6957
2,012808697	0,6909
2,013431978	0,6838
2,013977135	0,6757
2,016747916	0,6684
2,017665156	0,6606
2,018305728	0,6508
2,018831926	0,6403
2,025760156	0,631
2,026923437	0,6234
2,027409635	0,6154
2,02781927	0,6073
2,028322447	0,5997
2,028888801	0,5924
2,029400416	0,5839
2,029762031	0,5731
2,030251978	0,5612
2,030919583	0,5497
2,031678853	0,5387
2,035066041	0,5291
2,035925156	0,5208
2,036508801	0,5138
2,037050468	0,5064
2,037758385	0,4998
2,03885552	0,4947
2,039896145	0,4893
2,041017708	0,4827
2,042232395	0,4751
2,043507395	0,4676
2,045024166	0,4603
2,046109478	0,4529
2,053419114	0,4461
2,055108697	0,4412
2,056258853	0,4366
2,05744776	0,4312
2,059237395	0,4263
2,059938749	0,4219
2,060562499	0,4187
2,061186926	0,4158
2,061795416	0,4131
2,062426562	0,4107
2,06336901	0,4082
2,064197551	0,4053
2,06483328	0,4014
2,065421405	0,3987
2,066018645	0,3972
2,066733228	0,3965
2,067324843	0,3967
2,067881145	0,3975
2,070821041	0,3963
2,072095624	0,3906
2,073002864	0,3789
2,073702968	0,3628
2,07435151	0,3491
2,075266353	0,3432
2,076898905	0,3437
2,07737177	0,3481
2,078717968	0,3562
2,081711666	0,3696
2,082198489	0,3872
2,082713489	0,4043
2,084717708	0,4199
2,085104583	0,4361
2,085906405	0,4522
2,087132603	0,4668
2,08828526	0,481
2,089398176	0,4959
2,090660312	0,5096
2,091796666	0,5218
2,093002083	0,5348
2,094194478	0,547
2,095519218	0,5577
2,097768801	0,569
2,09871052	0,5804
2,09915828	0,5912
2,100394635	0,601
2,101818072	0,611
2,102968176	0,622
2,104001666	0,632
2,105277603	0,6396
2,106432083	0,6454
2,107780676	0,651
2,108830364	0,6567
2,110143489	0,6623
2,111452291	0,6706
2,11243401	0,6806
2,115090208	0,6904
2,115830208	0,7038
2,116190364	0,7178
2,117303541	0,7302
2,118718645	0,7405
2,119877239	0,7204
2,121048228	0,7197
2,12204578	0,7676
2,123323853	0,8018
2,124547916	0,8084
2,125741822	0,7971
2,127079062	0,7793
2,128383749	0,7605
2,129357291	0,7458
2,131917499	0,7363
2,132619843	0,7287
2,133237655	0,7214
2,134380676	0,7148
2,135639426	0,7104
2,13678026	0,7102
2,13806151	0,7116
2,139091666	0,715
2,140230937	0,7204
2,14144427	0,7248
2,14278177	0,7305
2,143825051	0,7383
2,145179687	0,749
2,146335103	0,7588
2,15196302	0,7707
2,15269151	0,8233
2,153155624	0,8714
2,153630416	0,8731
2,154090572	0,8636
2,15457276	0,8445
2,156386926	0,822
2,156942499	0,8035
2,157451874	0,7903
2,158558853	0,7803
2,159819062	0,7974
2,160917135	0,8181
2,16213953	0,8137
2,170280989	0,8074
2,171222083	0,802
2,171751145	0,7967
2,172296978	0,791
2,172925155	0,7854
2,173405468	0,7793
2,173860208	0,7735
2,174300833	0,7673
2,175388645	0,7622
2,175872499	0,7583
2,176320468	0,7539
2,176960989	0,7463
2,177944218	0,7319
2,179228228	0,7175
2,181501718	0,7089
2,182282135	0,6997
2,183283489	0,6894
2,184150572	0,6821
2,185777447	0,6765
2,187046249	0,6701
2,187764062	0,6628
2,188774947	0,6574
2,189910103	0,6547
2,19121828	0,6525
2,192698645	0,6493
2,193583176	0,6457
2,195174322	0,6415
2,196640833	0,6376
2,197617708	0,6339
2,20173776	0,6298
2,203275312	0,6291
2,204079218	0,6276
2,204720103	0,6222
2,205475155	0,6156
2,206305312	0,6105
2,207097395	0,6068
2,207490103	0,6037
2,208026093	0,601
2,209546978	0,601
2,210701926	0,6039
2,211747551	0,6017
2,212902708	0,5963
2,215985937	0,5956
2,217435051	0,599
2,217994791	0,6034
2,218332395	0,6078
2,219519583	0,6137
2,22038052	0,6212
2,221404478	0,6283
2,222564635	0,6352
2,223850833	0,6491
2,225094374	0,6664
2,226341874	0,6738
2,227455728	0,6704
2,22870177	0,6635
2,229942968	0,6603
2,232264791	0,6613
2,232950937	0,6633
2,233928489	0,665
2,235483853	0,6691
2,236816093	0,6752
2,238312655	0,6809
2,239060312	0,6879
2,240018228	0,6931
2,240931405	0,6931
2,242424426	0,6926
2,243338333	0,6975
2,244711978	0,705
2,245781978	0,7087
2,25150276	0,7109
2,252547864	0,7111
2,253271614	0,7104
2,253946822	0,7143
2,254727812	0,7197
2,255303228	0,7258
2,25960703	0,7351
2,261683749	0,7453
2,263570416	0,7571
2,264389999	0,771
2,265091562	0,7859
2,26581677	0,8013
2,266633801	0,8147
2,267426718	0,824
2,26808401	0,8269
2,268669114	0,8314
2,26933953	0,8404
2,26991901	0,8548
2,270734166	0,8714
2,271361093	0,8817
2,271866926	0,889
2,27258427	0,8973
2,277210989	0,9066
2,27889052	0,9146
2,280031093	0,9207
2,280821822	0,9247
2,281661718	0,9269
2,282076405	0,9293
2,282534062	0,931
2,283005468	0,9322
2,286877395	0,9339
2,288404322	0,9337
2,289431874	0,9327
2,290038957	0,933
2,29104901	0,9315
2,291771197	0,9283
2,291992499	0,9264
2,292194739	0,9259
2,292987343	0,9266
2,294118332	0,9273
2,29545078	0,9261
2,296530624	0,9247
2,298639739	0,9237
2,299378124	0,9222
2,300436093	0,9207
2,302105624	0,919
2,30285526	0,9181
2,303909739	0,9173
2,305034426	0,9149
2,306312343	0,9122
2,307381197	0,911
2,30854078	0,9107
2,309871093	0,911
2,311214635	0,9098
2,312381926	0,9098
2,315287499	0,911
2,316127343	0,9115
2,318534895	0,9117
2,319323176	0,9115
2,319892291	0,9107
2,320386353	0,9102
2,320900155	0,9102
2,322363176	0,9098
2,323971978	0,9088
2,324708801	0,9081
2,325901874	0,9076
2,327095728	0,9063
2,328089791	0,9034
2,329210364	0,8988
2,332541249	0,8961
2,333516926	0,8932
2,33435203	0,888
2,335136718	0,8817
2,335928176	0,8743
2,337135937	0,8663
2,337943957	0,8575
2,339278853	0,8487
2,340003645	0,8394
2,341326405	0,8304
2,343094582	0,8216
2,343736614	0,8118
2,344868124	0,8037
2,346068385	0,7964
2,351285624	0,7874
2,352443437	0,7781
2,353159478	0,7698
2,353854322	0,7615
2,35719677	0,7532
2,358025624	0,7453
2,358732291	0,739
2,359270728	0,7319
2,359921301	0,7248
2,360536353	0,7192
2,361077916	0,7141
2,361486249	0,7092
2,361926249	0,7048
2,363694374	0,7009
2,366155207	0,6977
2,367193697	0,6955
2,367894999	0,6933
2,368528437	0,6909
2,369604166	0,6894
2,370825312	0,6892
2,371920051	0,6889
2,373027343	0,6887
2,374137187	0,6896
2,37539828	0,6916
2,376840624	0,6948
2,377906874	0,6975
2,379077395	0,6999
2,382574374	0,7021
2,383720312	0,7045
2,384216353	0,7089
2,384775885	0,7128
2,385185207	0,7163
2,386434478	0,7202
2,388427864	0,7246
2,389079322	0,7292
2,390065728	0,7348
2,391557655	0,7405
2,392310989	0,7461
2,393571614	0,7532
2,394908853	0,7605
2,395915312	0,7678
2,398615207	0,7742
2,399252603	0,7791
2,400505572	0,7857
2,401161926	0,7932
2,40245776	0,801
2,403035312	0,8079
2,404300572	0,8145
2,405638645	0,8216
2,406777082	0,8277
2,407888801	0,8336
2,409349739	0,8397
2,410617447	0,846
2,411919791	0,8524
2,412812603	0,8577
2,415950207	0,8624
2,417266197	0,867
2,418396562	0,8716
2,419527655	0,8773
2,420318749	0,8841
2,42105776	0,8905
2,422018437	0,8963
2,422902499	0,9017
2,423785155	0,9076
2,424922707	0,9151
2,426603749	0,9215
2,427532968	0,9278
2,429038072	0,9344
2,429808489	0,94
2,432429791	0,9452
2,433489895	0,9513
2,434172812	0,9572
2,434918749	0,963
2,436055051	0,9694
2,437319426	0,976
2,438281249	0,9811
2,439376249	0,9855
2,440538437	0,9911
2,441769635	0,997
2,443195832	1,0026
2,44423078	1,0082
2,445566718	1,0133
2,446914791	1,0177
2,453787082	1,0226
2,454915468	1,0285
2,455642343	1,0341
2,456370728	1,0405
2,45689802	1,0466
2,457458437	1,0531
2,457890416	1,06
2,458297812	1,0669
2,459052864	1,0747
2,459663749	1,08
2,460215312	1,0847
2,461358489	1,0893
2,462440468	1,0935
2,478727707	1,0981
2,479764062	1,1003
2,480475051	1,1018
2,481600312	1,102
2,48223802	1,1018
2,483230468	1,102
2,483929374	1,1015
2,484538749	1,101
2,484969791	1,0996
2,485488801	1,0976
2,486005364	1,0952
2,486383176	1,092
2,48687703	1,0876
2,48733927	1,0832
2,48778953	1,0808
2,488237655	1,0795
2,488693124	1,0783
2,489142655	1,0759
2,489761562	1,0725
2,490344687	1,0686
2,490971562	1,0639
2,491583176	1,0593
2,492193124	1,0556
2,492716926	1,0522
2,493296926	1,0485
2,493888957	1,0446
2,496319426	1,0417
2,497256457	1,04
2,497882447	1,0368
2,500355468	1,0346
2,501624322	1,0343
2,502684374	1,0353
2,503306353	1,0363
2,504017603	1,0363
2,504642082	1,0385
2,505818176	1,0429
2,506958541	1,0475
2,508196405	1,0529
2,509416509	1,0595
2,510717343	1,0676
2,511832603	1,0764
2,512947343	1,0854
2,516911145	1,0952
2,518438437	1,1047
2,520447134	1,1152
2,520893124	1,1265
2,521273645	1,1374
2,521763905	1,1499
2,522225676	1,1616
2,523008541	1,1704
2,524225051	1,1778
2,525754218	1,1858
2,527039322	1,1963
2,527736562	1,2078
2,528892447	1,222
2,530075676	1,2391
2,532703801	1,2586
2,533526978	1,2794
2,533952864	1,2999
2,535182968	1,3216
2,537253489	1,3429
2,538681614	1,3615
2,53938427	1,3781
2,540457239	1,3964
2,541432447	1,4169
2,542615989	1,4367
2,544152916	1,4555
2,545958801	1,4731
2,546623176	1,4895
2,551903228	1,508
2,552848332	1,5295
2,553439166	1,5525
2,554045572	1,5725
2,554701197	1,5879
2,55529552	1,6016
2,555844166	1,6145
2,556278801	1,6277
2,557808332	1,6395
2,558571301	1,6517
2,559574062	1,6702
2,560508228	1,6905
2,561706093	1,7086
2,563201509	1,7257
2,573660468	1,7433
2,575434582	1,7611
2,576383853	1,7787
2,577142812	1,7958
2,577802082	1,8122
2,578374791	1,8259
2,57926802	1,8371
2,579849218	1,8491
2,580391041	1,8608
2,580896718	1,8708
2,581367134	1,8786
2,581857603	1,8867
2,58236177	1,8987
2,583019582	1,9109
2,583561874	1,9221
2,583980676	1,9309
2,584490103	1,9385
2,587533853	1,9485
2,588652968	1,9588
2,589304999	1,9656
2,589838072	1,9695
2,590310884	1,9744
2,590976978	1,9788
2,592263384	1,9813
2,593315259	1,9832
2,594578905	1,9837
2,595507916	1,9837
2,597164218	1,9834
2,599398437	1,9856
2,599900259	1,9876
2,602205937	1,9876
2,602923228	1,9883
2,603433332	1,9908
2,604142291	1,9944
2,605800312	1,9983
2,606687759	2,002
2,607712082	1,9502
2,608872134	1,8725
2,610229166	1,8574
2,611827812	1,8689
2,612643124	1,8742
2,615071093	1,8869
2,615871405	1,9075
2,616480989	1,9302
2,617828437	1,9534
2,619062968	1,9732
2,620335728	1,9908
2,621385832	2,0086
2,622330155	2,0242
2,623598228	2,035
2,624709895	2,0418
2,62628703	2,0482
2,62718703	2,0531
2,628460155	2,0572
2,629555155	2,0606
2,632155937	2,0628
2,633032447	2,0655
2,63383177	2,068
2,634831666	2,0694
2,63829703	2,0694
2,639922864	2,0653
2,640721509	2,0528
2,64119552	2,0338
2,641847499	2,0101
2,64241078	1,9822
2,64349302	1,9522
2,644134114	1,9214
2,645345312	1,8904
2,647072187	1,8576
2,648240832	1,8205
2,649097343	1,7804
2,655834009	1,7406
2,656864374	1,7027
2,65742578	1,6659
2,658009687	1,6287
2,658601614	1,5933
2,659260155	1,5615
2,660549426	1,5364
2,661057759	1,5151
2,661426041	1,4919
2,661898593	1,4668
2,662327447	1,4423
2,664939947	1,4201
2,66587177	1,3996
2,666462291	1,3781
2,667445676	1,3556
2,668494791	1,3407
2,670168749	1,3326
2,671018124	1,3216
2,671796353	1,306
2,672979374	1,2906
2,674103124	1,2772
2,675421666	1,2652
2,676755572	1,255
2,677814426	1,2462
2,67921052	1,2361
2,682205312	1,2229
2,683263853	1,2085
2,684943489	1,1924
2,685662916	1,1733
2,686073437	1,1543
2,686622864	1,136
2,687837447	1,1169
2,688808697	1,0935
2,689964999	1,0661
2,691382551	1,0395
2,692696405	1,0138
2,693635416	0,9857
2,695047082	0,9552
2,696124426	0,9232
2,699031978	0,8893
2,69974078	0,8643
2,700164634	0,8409
2,701226249	0,7967
2,703374791	0,7449
2,704090155	0,6904
2,704500676	0,6271
2,706011249	0,5179
2,707215572	0,4251
2,708167812	0,3965
2,70954078	0,3567
2,710579999	0,3032
2,712132812	0,2577
2,713477187	0,2196
2,714142447	0,1825
2,716933749	0,1459
2,718051249	0,1153
2,719161718	0,088
2,720280311	0,0667
2,721101353	0,052
2,721934791	0,0398
2,722635624	0,0225
2,723890416	0,0088
2,724939582	0,0066
2,726730311	-0,0071
2,727665364	-0,0254
2,728660624	-0,0364
2,730079478	-0,0491
2,731411301	-0,0635
2,735263957	-0,0769
2,736285259	-0,0943
2,736794791	-0,1182
2,737319426	-0,1424
2,737866614	-0,1761
2,738616197	-0,214
2,739843436	-0,244
2,741027655	-0,2697
2,742039791	-0,291
2,743513436	-0,3127
2,744476093	-0,342
2,745980311	-0,3703
2,752478436	-0,3931
2,753478749	-0,4129
2,754050468	-0,4273
2,754760416	-0,4419
2,755367864	-0,452
2,755992499	-0,4561
2,756622291	-0,4556
2,757124478	-0,4576
2,757685884	-0,4634
2,758216405	-0,4678
2,759556926	-0,48
2,76034802	-0,4959
2,761540364	-0,5081
2,762652864	-0,5245
2,772478332	-0,5416
2,773932655	-0,5502
2,774763853	-0,5548
2,775439895	-0,5621
2,77636052	-0,5734
2,776926926	-0,5822
2,777430728	-0,5951
2,778002447	-0,6103
2,77870703	-0,6222
2,779715155	-0,6354
2,780390051	-0,6479
2,781003228	-0,6579
2,781791145	-0,6696
2,782330364	-0,6896
2,782931666	-0,7124
2,783482395	-0,7273
2,78390302	-0,7375
2,786403176	-0,7495
2,788212603	-0,7637
2,789274739	-0,7822
2,790152082	-0,8067
2,791121614	-0,834
2,791586197	-0,8558
2,791989374	-0,867
2,793029218	-0,8702
2,794412603	-0,8721
2,795389739	-0,8733
2,798209634	-0,867
2,799021197	-0,8599
2,799592291	-0,8592
2,801065989	-0,856
2,801586822	-0,8467
2,802824843	-0,8336
2,804057239	-0,8321
2,804985468	-0,8443
2,806298645	-0,8528
2,807445624	-0,8597
2,808688384	-0,8619
2,810353228	-0,8577
2,811863176	-0,8555
2,81257427	-0,8543
2,815317343	-0,8526
2,816199114	-0,8555
2,816775155	-0,857
2,818358593	-0,8497
2,819267134	-0,8382
2,820002186	-0,8242
2,821460728	-0,8015
2,822195259	-0,77
2,823643124	-0,7368
2,824837447	-0,706
2,826583957	-0,6748
2,827297811	-0,641
2,828645832	-0,6059
2,829604374	-0,5712
2,832286822	-0,534
2,833289686	-0,4942
2,834006926	-0,4539
2,834697551	-0,4163
2,835606145	-0,3794
2,83679927	-0,3425
2,837976718	-0,3083
2,839257291	-0,2763
2,840136249	-0,2453
2,841384009	-0,2138
2,842729686	-0,1837
2,843781926	-0,1549
2,845058436	-0,127
2,846372239	-0,1029
2,852285468	-0,0835
2,853332864	-0,0672
2,854006457	-0,0525
2,854806666	-0,0391
2,855362968	-0,0271
2,855982603	-0,0178
2,856563489	-0,0117
2,857020624	-0,0073
2,85759677	-0,0037
2,858657655	-0,0002
2,859671145	0,0022
2,860850572	0,0034
2,861990676	0,0039
2,870921822	0,0032
2,871798072	0,0015
2,872311614	-0,002
2,872777759	-0,0071
2,873225259	-0,0122
2,873661093	-0,0181
2,874106249	-0,0259
2,874799634	-0,0337
2,875293541	-0,0418
2,87572552	-0,0503
2,876179582	-0,0601
2,876601249	-0,0718
2,877811353	-0,0857
2,879205676	-0,1019
2,880261666	-0,1182
2,883157239	-0,1348
2,884257551	-0,1532
2,884934999	-0,1717
2,885589009	-0,1864
2,887123384	-0,1966
2,888069582	-0,2025
2,88881677	-0,2008
2,889729322	-0,1962
2,89133703	-0,1908
2,892600572	-0,1803
2,894179478	-0,1651
2,89547453	-0,1468
2,896205207	-0,1241
2,897233384	-0,0948
2,901005989	-0,0616
2,903524009	-0,0259
2,904729843	0,0142
2,905560624	0,0579
2,906321041	0,1043
2,907089999	0,152
2,907716457	0,2165
2,908141353	0,312
2,908671666	0,3838
2,909061614	0,4102
2,910244166	0,4302
2,911389322	0,4524
2,912903176	0,4739
2,914169218	0,4903
2,915458228	0,5033
2,916412082	0,5216
2,919944791	0,5411
2,920674686	0,5543
2,921095572	0,5665
2,921470259	0,58
2,922468697	0,5941
2,923701509	0,609
2,924812447	0,623
2,926235207	0,6354
2,92727953	0,6464
2,928502968	0,6532
2,929563176	0,6581
2,931950572	0,664
2,932578801	0,6694
2,933626926	0,6723
2,934750832	0,6701
2,935929218	0,665
2,937060884	0,6562
2,938099738	0,6422
2,939567811	0,6254
2,940535936	0,6049
2,941721301	0,5787
2,943168332	0,5453
2,944172447	0,5081
2,945498645	0,469
2,946615468	0,428
2,951592916	0,3948
2,952244738	0,4307
2,952690936	0,4703
2,953237082	0,4287
2,953753436	0,3681
2,954243332	0,3239
2,955691926	0,2888
2,956957343	0,2472
2,957672551	0,2018
2,958891666	0,1554
2,960132134	0,1129
2,961536822	0,0743
2,962345676	0,0345
2,964626613	-0,0076
2,965425207	-0,0498
2,968569113	-0,0872
2,969457343	-0,1214
2,969879166	-0,1534
2,970398853	-0,1827
2,971114478	-0,2089
2,972345259	-0,2321
2,974057499	-0,2577
2,975323124	-0,2846
2,97612953	-0,3078
2,976831978	-0,3244
2,977939791	-0,3374
2,979469374	-0,3496
2,983676145	-0,3618
2,985126718	-0,3728
2,986927916	-0,3801
2,988122916	-0,3865
2,989131249	-0,3919
2,990473176	-0,3967
2,99163552	-0,4036
2,992016978	-0,4092
2,992325676	-0,4126
2,992839113	-0,4158
2,993245363	-0,4177
2,994017499	-0,4151
2,995321718	-0,4099
2,996542082	-0,4077
2,998955728	-0,4063
2,99989052	-0,4031
3,000533228	-0,3967
3,001361301	-0,3867
3,002707863	-0,3745
3,003810468	-0,3608
3,004864322	-0,3464
3,006077916	-0,3325
3,007377603	-0,3181
3,008462499	-0,3019
3,009670624	-0,2875
3,011124478	-0,2765
3,011957447	-0,266
3,013519061	-0,2558
3,015799478	-0,2475
3,016628176	-0,2404
3,017213697	-0,2353
3,018229113	-0,2316
3,019630676	-0,2291
3,020798332	-0,2309
3,021660988	-0,2375
3,023405988	-0,246
3,02417802	-0,2553
3,025506457	-0,266
3,026675468	-0,2763
3,027805988	-0,2846
3,028917499	-0,2914
3,032203072	-0,2973
3,033162551	-0,2993
3,033858332	-0,2995
3,034366718	-0,3029
3,041414634	-0,308
3,042087499	-0,3115
3,042681874	-0,3124
3,043369113	-0,3124
3,043800988	-0,3105
3,044349009	-0,3076
3,044771405	-0,3019
3,045145468	-0,2936
3,045557134	-0,2851
3,046623072	-0,279
3,04737177	-0,2751
3,052544374	-0,2719
3,053309478	-0,2731
3,053810207	-0,2797
3,054140207	-0,2873
3,054444999	-0,2936
3,05488302	-0,2953
3,05589677	-0,2868
3,057113436	-0,267
3,058538801	-0,2355
3,059488749	-0,1891
3,060767395	-0,1263
3,061660155	-0,0498
3,06317052	0,0423
3,077550103	0,1461
3,078138593	0,2428
3,078417291	0,3152
3,078912082	0,3608
3,079285155	0,3933
3,079637707	0,4297
3,079980832	0,4754
3,080284166	0,5286
3,08059203	0,5824
3,080893176	0,63
3,081198228	0,6652
3,081550884	0,6896
3,081871353	0,7185
3,082142082	0,7576
3,082420624	0,8045
3,095397863	0,8555
3,097128905	0,9112
3,098282395	0,9694
3,099093541	1,0353
3,100005832	1,1199
3,100722343	1,2288
3,101333541	1,3612
3,103036561	1,5264
3,103955676	1,7333
3,104594686	1,981
3,105156718	2,2734
3,105674166	2,6228
3,106181041	3,0737
3,106799843	3,6537
3,107256093	4,3736
3,107784686	5,2563
3,108220207	6,254
3,108705416	7,0758
3,109435363	7,5378
3,110014634	7,7693
3,111757134	7,8849
3,112468124	7,9428
3,112941666	7,9716
3,113403436	7,9863
3,113818905	7,9934
3,11419427	7,997
3,114731718	7,9987
3,115243436	7,9325
3,117201613	7,4833
3,118023488	6,5342
3,118931457	5,3503
3,119795155	4,1364
3,121139895	3,0036
3,122102134	2,0008
3,123452238	1,1355
3,124522082	0,3982
3,125954582	-0,215
3,127080051	-0,697
3,128224426	-1,0505
3,12945677	-1,2882
3,132031457	-1,4133
3,132905988	-1,4338
3,133535363	-1,3624
3,134684843	-1,2354
3,135618593	-1,0766
3,137039738	-0,9039
3,137984009	-0,74
3,139245468	-0,5741
3,140344218	-0,4136
3,141517916	-0,2487
3,14309052	-0,0606
3,14395052	0,1309
3,145183853	0,3169
3,146306613	0,4991
3,151249009	0,6777
3,152161718	0,8555
3,152588436	1,028
3,153096509	1,1895
3,153501041	1,3346
3,154129113	1,4609
3,155074322	1,5676
3,156107551	1,6495
3,157256926	1,7069
3,158408801	1,7438
3,159787863	1,7621
3,160902655	1,7648
3,162117759	1,7558
3,16863729	1,7308
3,16944953	1,6896
3,16993703	1,6444
3,170339061	1,605
3,171095051	1,5708
3,171624218	1,541
3,17214927	1,5161
3,172629426	1,4973
3,17306979	1,4863
3,174627395	1,4829
3,175528957	1,4865
3,177511301	1,4992
3,179145155	1,5212
3,180155103	1,552
3,180803176	1,5933
3,181365259	1,6427
3,185092811	1,6962
3,18757052	1,7538
3,189032499	1,8146
3,190028645	1,8774
3,191278332	1,9402
3,192055936	2,0005
3,192615468	2,0567
3,19326104	2,1066
3,193897186	2,1498
3,194876822	2,1896
3,195480311	2,2251
3,196134113	2,2541
3,200256197	2,279
3,202606561	2,2996
3,203593801	2,3154
3,204388332	2,3264
3,205091301	2,3352
3,205707395	2,3445
3,206284634	2,3543
3,20710104	2,3628
3,20773552	2,3687
3,208399113	2,3716
3,209567447	2,3701
3,210840728	2,3626
3,212879843	2,3477
3,213649322	2,3267
3,216802707	2,3008
3,217777707	2,2715
3,218333905	2,2404
3,218962447	2,2072
3,219599009	2,1718
3,220177447	2,1346
3,221545415	2,0946
3,222742603	2,0521
3,223885988	2,0066
3,225362499	1,9588
3,226411145	1,9116
3,22756828	1,8642
3,228600624	1,8181
3,229873176	1,7726
3,232975155	1,7277
3,234859113	1,6849
3,235741249	1,6439
3,23643552	1,6036
3,237002603	1,5649
3,237511822	1,5293
3,238387915	1,4956
3,239811405	1,4631
3,240966353	1,4318
3,242173228	1,402
3,243407238	1,3754
3,244496301	1,3507
3,245917551	1,3258
3,251979999	1,3023
3,252683072	1,2811
3,253189895	1,262
3,253549322	1,2454
3,254035624	1,2307
3,254385363	1,2193
3,254823072	1,2102
3,255391718	1,2036
3,256453124	1,1995
3,257639113	1,1971
3,258970728	1,1956
3,260200155	1,1961
3,261402551	1,1975
3,262416197	1,2007
3,268057655	1,2076
3,268580103	1,2159
3,269013957	1,2244
3,269279634	1,2347
3,269588697	1,2466
3,269808072	1,2613
3,27112453	1,2796
3,272693488	1,3002
3,273786301	1,3221
3,274741613	1,3448
3,275881665	1,369
3,277070728	1,3947
3,278337759	1,4199
3,279552603	1,4452
3,28214729	1,4709
3,28474203	1,4963
3,28654427	1,5212
3,287050728	1,5449
3,287340363	1,5669
3,287730832	1,5877
3,288162395	1,6067
3,289350155	1,6231
3,290766197	1,6378
3,291826874	1,6497
3,29309302	1,6585
3,294273593	1,6663
3,295513645	1,6734
3,296785051	1,6788
3,299540051	1,6817
3,300397343	1,6832
3,301051249	1,6839
3,301587238	1,6837
3,303043853	1,6822
3,303912447	1,6798
3,305259947	1,6766
3,306340884	1,672
3,307760103	1,6663
3,308722863	1,6593
3,309904738	1,6505
3,311362395	1,6422
3,31229203	1,6336
3,315483697	1,625
3,31615979	1,617
3,31703802	1,6087
3,31958104	1,5984
3,320169582	1,585
3,320525624	1,5715
3,321020988	1,5579
3,321979634	1,5427
3,323693228	1,5271
3,324350572	1,51
3,325696926	1,4926
3,327090207	1,4748
3,327994061	1,4557
3,329173176	1,4369
3,332354165	1,4181
3,333312343	1,4005
3,334038124	1,3832
3,33568979	1,3661
3,336345051	1,3505
3,33679953	1,3353
3,337884947	1,3207
3,339313697	1,3085
3,339997238	1,2972
3,341341665	1,2874
3,342659634	1,2799
3,344098905	1,2735
3,345092186	1,2684
3,346066457	1,2642
3,348703645	1,2611
3,349344218	1,2584
3,349796093	1,2567
3,35183677	1,2557
3,353087811	1,2554
3,354007238	1,2559
3,355424843	1,2569
3,356243645	1,2584
3,357261353	1,2591
3,358535624	1,2606
3,359747759	1,2623
3,360904061	1,264
3,362089634	1,2662
3,363323853	1,2674
3,368996145	1,2684
3,371249582	1,2698
3,372122655	1,2711
3,373380572	1,2716
3,374016978	1,2718
3,374936978	1,2745
3,37567802	1,2779
3,376381613	1,2818
3,376868645	1,2862
3,377354113	1,2916
3,378119426	1,2987
3,378678176	1,3053
3,379208957	1,3104
3,387939374	1,3182
3,38951302	1,3295
3,391174113	1,3395
3,392691301	1,349
3,393808436	1,3576
3,39495552	1,3646
3,395821457	1,3717
3,396579374	1,3778
3,397118749	1,382
3,397776665	1,3859
3,398780155	1,3895
3,399398176	1,3932
3,39975729	1,3966
3,399981822	1,3978
3,400269165	1,3971
3,400472551	1,3942
3,400880259	1,3891
3,401193124	1,3817
3,402863384	1,3722
3,404819426	1,361
3,406353436	1,3493
3,407017915	1,3378
3,407271509	1,3253
3,407872186	1,3104
3,409307811	1,2931
3,410254113	1,2767
3,411546978	1,2611
3,412795415	1,244
3,415043332	1,2271
3,416002342	1,2122
3,416482082	1,1966
3,418090676	1,1792
3,419087707	1,1619
3,420071092	1,1455
3,421138697	1,1287
3,422315624	1,1128
3,423625207	1,0981
3,424797863	1,0842
3,42634677	1,069
3,427584738	1,0539
3,428289947	1,0405
3,429435624	1,0275
3,431620624	1,0148
3,432527082	1,0016
3,433648436	0,9882
3,434663957	0,9745
3,435991978	0,9603
3,436967134	0,9462
3,438136092	0,9332
3,439435155	0,9195
3,44049427	0,9046
3,441698749	0,8902
3,443084426	0,876
3,444091613	0,8624
3,445707811	0,8482
3,447530259	0,8328
3,44809979	0,8186
3,452759738	0,8064
3,453917655	0,793
3,454459478	0,7796
3,455066145	0,7683
3,455533072	0,7566
3,456028853	0,7456
3,456500936	0,7356
3,457686717	0,7253
3,459192499	0,717
3,459975259	0,7092
3,46120302	0,6999
3,462312134	0,6909
3,46365552	0,6831
3,471190259	0,6745
3,472285832	0,6664
3,473032707	0,6594
3,473536665	0,652
3,473998592	0,6454
3,474454999	0,6398
3,47501729	0,6347
3,475437707	0,6296
3,475860676	0,623
3,476290207	0,6169
3,476987707	0,6105
3,478454113	0,6037
3,479910467	0,597
3,480595051	0,5912
3,483958853	0,5856
3,486020363	0,5797
3,486992447	0,5736
3,487749426	0,5687
3,488301353	0,5643
3,48876854	0,5592
3,489211092	0,5529
3,490174217	0,5458
3,491858124	0,5409
3,49262802	0,537
3,49403453	0,5323
3,496461874	0,5289
3,497008384	0,5252
3,498794426	0,5206
3,499738697	0,5157
3,50016703	0,512
3,503995259	0,5096
3,504530051	0,5072
3,504848697	0,5047
3,505312082	0,5035
3,505985363	0,5028
3,507029686	0,5013
3,508235572	0,4989
3,509467447	0,4957
3,510902134	0,4935
3,512390936	0,4906
3,513302655	0,4861
3,515834009	0,4813
3,516579061	0,4773
3,517522186	0,4749
3,518578488	0,4715
3,519673645	0,4668
3,520711717	0,4627
3,521778228	0,4598
3,523273488	0,4566
3,52408104	0,4544
3,525365936	0,4524
3,526564842	0,4483
3,527800624	0,4432
3,528907915	0,4371
3,535526301	0,43
3,537033176	0,4226
3,537663697	0,4165
3,538165155	0,4121
3,53899453	0,4063
3,539726822	0,4002
3,540389947	0,3955
3,540902967	0,3909
3,54137203	0,3867
3,541862447	0,384
3,542296874	0,3821
3,543806405	0,3799
3,544819686	0,377
3,546133853	0,3735
3,555963436	0,3696
3,557111301	0,3659
3,557617134	0,3635
3,558272186	0,3613
3,558865988	0,3601
3,559537447	0,3611
3,560038592	0,3635
3,560470415	0,3662
3,561086978	0,3686
3,561524634	0,3689
3,56194828	0,3686
3,562354478	0,3698
3,562903957	0,3726
3,566617342	0,376
3,567790832	0,3845
3,568348697	0,4016
3,568858072	0,4214
3,569310259	0,4378
3,569765051	0,4498
3,570215624	0,4573
3,571678905	0,462
3,572861561	0,4673
3,574048332	0,4734
3,575597134	0,4776
3,576714686	0,481
3,577330155	0,4849
3,578422342	0,4876
3,580686405	0,4901
3,58105078	0,4935
3,583120832	0,4967
3,58627229	0,5001
3,586919634	0,5042
3,587224947	0,5079
3,587438905	0,5123
3,588373124	0,5164
3,589558332	0,5206
3,591327499	0,525
3,592870728	0,5291
3,593376509	0,5343
3,594601144	0,5401
3,59577703	0,5463
3,59835078	0,5531
3,59944604	0,5607
3,599904999	0,568
3,600665832	0,576
3,602078124	0,5848
3,603222551	0,5939
3,604231561	0,6024
3,605361301	0,6122
3,606422447	0,623
3,60761729	0,6339
3,608839113	0,6464
3,609987707	0,6596
3,611469686	0,6721
3,612461926	0,6848
3,615511561	0,6975
3,616699478	0,7099
3,619332811	0,7241
3,621199217	0,7388
3,622231353	0,7534
3,62328354	0,7563
3,623974217	0,7084
3,624541197	0,6816
3,625058332	0,7197
3,625581301	0,7598
3,627150155	0,8003
3,627717915	0,8462
3,628626509	0,8922
3,631281769	0,9332
3,63182854	0,9699
3,63215229	1,0021
3,633850572	1,0302
3,635376717	1,0578
3,636148384	1,0874
3,638556092	1,1177
3,639148488	1,1484
3,639761353	1,179
3,641135363	1,2083
3,641859322	1,2352
3,643537967	1,2596
3,64427229	1,2825
3,645679999	1,3033
3,646798957	1,3231
3,652347915	1,3412
3,65385479	1,3573
3,654664999	1,3727
3,655396353	1,3866
3,655860155	1,3983
3,656470363	1,4054
3,657043072	1,4091
3,657454738	1,4111
3,657834165	1,4106
3,659283697	1,4091
3,65986953	1,4081
3,661111874	1,4059
3,662708488	1,4013
3,664960832	1,3944
3,666301092	1,3881
3,66718578	1,3817
3,667683697	1,3742
3,668713072	1,3656
3,670452499	1,3554
3,671239061	1,3441
3,671943228	1,3329
3,673231822	1,3199
3,674402759	1,3065
3,675697238	1,294
3,676787082	1,283
3,677933697	1,273
3,679350832	1,263
3,681772186	1,2515
3,683558697	1,2401
3,684127811	1,2295
3,684804374	1,219
3,685657967	1,208
3,686615832	1,1978
3,687868644	1,188
3,688933905	1,1775
3,690151457	1,1663
3,691408384	1,1548
3,692518072	1,1428
3,693726249	1,1301
3,695036613	1,1191
3,695982238	1,1091
3,698609009	1,0979
3,699729113	1,0878
3,700249374	1,0786
3,701153228	1,0678
3,702441613	1,0566
3,703814322	1,0453
3,704681144	1,0353
3,705888697	1,0258
3,707324009	1,0165
3,708133697	1,007
3,709548488	0,9984
3,711019842	0,9911
3,711834322	0,9843
3,713132342	0,9772
3,715947759	0,9694
3,717309269	0,9616
3,717994842	0,9545
3,71867203	0,9476
3,719767603	0,9413
3,720632082	0,9356
3,722017342	0,9298
3,723131092	0,9232
3,724253801	0,9156
3,725192603	0,9083
3,727018749	0,9019
3,72757203	0,8968
3,728887863	0,8934
3,730413749	0,8893
3,731890467	0,8843
3,732608176	0,8809
3,738287342	0,8777
3,740620467	0,8731
3,741348384	0,8692
3,742457342	0,866
3,743602342	0,8631
3,744220051	0,8597
3,744754426	0,8558
3,745358332	0,8506
3,74595104	0,8465
3,747473332	0,8448
3,748646926	0,8443
3,749711769	0,845
3,751671301	0,847
3,752222447	0,8489
3,752585884	0,8506
3,752903592	0,8509
3,753198905	0,8511
3,757629217	0,8533
3,758614894	0,8558
3,759014738	0,8565
3,759337186	0,8575
3,759650624	0,8599
3,760462342	0,8648
3,761542707	0,8692
3,763015676	0,8726
3,780820103	0,877
3,785717863	0,8819
3,787120624	0,8883
3,788016978	0,8951
3,788593436	0,9017
3,789093853	0,9078
3,789564686	0,9127
3,790014582	0,9178
3,790415936	0,9249
3,791190936	0,9332
3,79156328	0,9395
3,791934738	0,945
3,792266717	0,9513
3,792615832	0,9586
3,792966717	0,9662
3,793300832	0,9723
3,793654947	0,9777
3,793982915	0,9833
3,794329686	0,9899
3,794739842	0,9967
3,795078124	1,0031
3,795406978	1,0092
3,795759634	1,0155
3,796079582	1,0231
3,796641769	1,0307
3,796980155	1,0373
3,797310207	1,0426
3,797633176	1,048
3,797969113	1,0529
3,801491197	1,0561
3,803389322	1,0583
3,804202863	1,061
3,804798124	1,0632
3,805372238	1,0651
3,805905259	1,0661
3,806429165	1,0651
3,807545572	1,0634
3,80876479	1,0617
3,80980828	1,0607
3,811529999	1,0593
3,812332134	1,0566
3,81572328	1,0536
3,817318384	1,0505
3,817923332	1,0468
3,818328644	1,0424
3,818725467	1,0387
3,819961561	1,0351
3,820843436	1,0334
3,821957238	1,037
3,823280676	1,0456
3,824444738	1,05
3,825999426	1,047
3,827047811	1,0402
3,827951717	1,0297
3,829170936	1,017
3,832122134	1,0048
3,833207759	0,9928
3,835141926	0,9804
3,835774321	0,9674
3,836195728	0,9555
3,837379321	0,9457
3,838759894	0,9361
3,839378905	0,9264
3,840298592	0,9178
3,841468696	0,91
3,842692394	0,9024
3,843960415	0,8961
3,845115936	0,8914
3,846182967	0,889
3,849281144	0,8878
3,851515832	0,8883
3,852372915	0,89
3,852977551	0,8932
3,853502082	0,8973
3,853990988	0,901
3,855201821	0,9044
3,856000884	0,9085
3,85694578	0,9124
3,858063801	0,9161
3,859551092	0,9195
3,860663592	0,9229
3,861825311	0,9261
3,863191509	0,9291
3,871000519	0,9322
3,87272828	0,9359
3,873351196	0,94
3,875488228	0,9432
3,87589703	0,9454
3,876245363	0,9479
3,876538957	0,9506
3,876828384	0,9525
3,877113592	0,9537
3,87739078	0,955
3,877654061	0,9569
3,877944946	0,9591
3,879065728	0,9598
3,893535207	0,9601
3,896094946	0,9606
3,897418801	0,9623
3,898014426	0,9638
3,898796717	0,9647
3,899436092	0,9674
3,900015936	0,9701
3,900576874	0,9708
3,901085936	0,9728
3,901621249	0,9757
3,902126821	0,9786
3,903275728	0,9808
3,903967759	0,9835
3,904430311	0,9872
3,904887551	0,9913
3,905305363	0,9952
3,905728592	0,9982
3,906151926	1,0018
3,906747811	1,0063
3,907182915	1,0112
3,907629842	1,0153
3,908025936	1,0187
3,90843828	1,0241
3,90883203	1,03
3,90924854	1,0351
3,912708332	1,0397
3,91511078	1,0434
3,915712863	1,048
3,92530953	1,0536
3,928295051	1,0593
3,928730519	1,0649
3,929093488	1,0693
3,929425415	1,0725
3,929759217	1,0754
3,930065311	1,0788
3,930380884	1,0815
3,930965936	1,0839
3,93127453	1,0878
3,931555207	1,0908
3,931886769	1,0927
3,932204946	1,0949
3,932555624	1,0971
3,932868749	1,0998
3,933157499	1,1013
3,933611717	1,1027
3,935082238	1,1045
3,935929999	1,1049
3,937112342	1,1047
3,938257655	1,1045
3,939605519	1,1042
3,94056453	1,1045
3,941651405	1,1049
3,942906196	1,1057
3,944153384	1,1057
3,945431874	1,1054
3,950000832	1,104
3,952454478	1,1023
3,953210415	1,0998
3,954031405	1,0976
3,954763644	1,0962
3,955272446	1,0927
3,955659009	1,0893
3,956126561	1,0874
3,956499999	1,0861
3,957540155	1,0832
3,959102603	1,0803
3,959918801	1,0786
3,961470467	1,0769
3,962427759	1,0744
3,967451509	1,0717
3,968530051	1,0686
3,968968228	1,0661
3,969324165	1,0651
3,969679217	1,0642
3,969985259	1,0625
3,971164686	1,0605
3,972516457	1,0573
3,973737394	1,0534
3,974556561	1,0505
3,975613436	1,0485
3,976860519	1,0468
3,978067863	1,0448
3,979239374	1,0422
3,981957134	1,0392
3,984204009	1,0368
3,984682707	1,0353
3,985043905	1,0341
3,986786353	1,0329
3,987313905	1,0307
3,987985467	1,0282
3,989149999	1,0263
3,990526144	1,0246
3,991875519	1,0231
3,992952238	1,0229
3,993976092	1,0229
3,995386821	1,0221
3,996596196	1,0212
3,999174478	1,0204
4,000259946	1,0199
4,003125832	1,019
4,003766092	1,0175
4,004248019	1,0168
4,004856405	1,017
4,006936405	1,0175
4,007528124	1,0175
4,007907915	1,0185
4,008851926	1,019
4,01003979	1,0182
4,011304999	1,0185
4,012313124	1,0185
4,015186405	1,0187
4,017172811	1,0187
4,017785988	1,0175
4,018250571	1,0168
4,019006821	1,016
4,019514009	1,0163
4,020923228	1,0173
4,02206729	1,0182
4,02321104	1,0185
4,02421979	1,0185
4,025588905	1,0195
4,026901665	1,0199
4,027974165	1,0207
4,029024634	1,0212
4,031975467	1,0207
4,03325453	1,0207
4,033907082	1,0207
4,034423644	1,0204
4,035944946	1,0214
4,036640936	1,0236
4,037558801	1,0243
4,039046144	1,0234
4,039969061	1,0229
4,041054269	1,0224
4,042210623	1,0212
4,043736509	1,0219
4,044771926	1,0236
4,045978019	1,0246
4,048364738	1,0253
4,049525467	1,026
4,057299113	1,027
4,058092551	1,0292
4,058721248	1,0321
4,059206665	1,0363
4,05968104	1,0402
4,060137186	1,0402
4,06058078	1,0378
4,061049426	1,037
4,061499113	1,0385
4,061963488	1,0395
4,062389165	1,0417
4,06854953	1,0434
4,069831926	1,0441
4,070382967	1,0456
4,07091854	1,0468
4,071188853	1,0497
4,071464946	1,0551
4,071713384	1,0617
4,071961144	1,0671
4,072928384	1,0681
4,073899842	1,0673
4,075343436	1,0683
4,076310467	1,0705
4,077457811	1,0722
4,079084009	1,0717
4,090205311	1,07
4,091274165	1,0717
4,091647342	1,0766
4,092004165	1,0822
4,092335832	1,0866
4,092655051	1,0888
4,09295953	1,0903
4,093267811	1,0915
4,093573384	1,0915
4,093865311	1,0918
4,094142394	1,0922
4,094438696	1,0937
4,094779478	1,0949
4,095682967	1,0944
4,100049061	1,0915
4,101074113	1,0883
4,101444686	1,0859
4,10174229	1,0839
4,102026717	1,083
4,103111561	1,083
4,104165363	1,0822
4,105399946	1,0808
4,106530571	1,0813
4,107720415	1,0822
4,108980884	1,0822
4,110213748	1,0835
4,111679738	1,0832
4,112562707	1,0827
4,114685571	1,0822
4,11669854	1,08
4,11785578	1,0771
4,118240988	1,073
4,119268748	1,07
4,12030354	1,0686
4,121478748	1,0661
4,122608384	1,0644
4,123770936	1,0627
4,124518071	1,0598
4,125951457	1,0566
4,127014478	1,0546
4,128057186	1,0517
4,129251665	1,0478
4,130871405	1,0448
4,132130571	1,0402
4,133202707	1,0353
4,134233384	1,0317
4,135655623	1,0278
4,136743436	1,0248
4,137920311	1,0221
4,139190311	1,0204
4,140263123	1,0197
4,14145854	1,0173
4,14290203	1,0114
4,143989113	1,0046
4,145199269	1,0004
4,150149165	0,9967
4,151528384	0,9926
4,151988332	0,9894
4,152405259	0,9865
4,152811301	0,9838
4,153249894	0,9823
4,154857082	0,9818
4,156059061	0,9789
4,156749842	0,9728
4,157256353	0,9659
4,158829582	0,9613
4,159759946	0,9584
4,160904634	0,9542
4,162117342	0,9491
4,167753019	0,9437
4,168760571	0,9366
4,169197238	0,9295
4,169572342	0,9251
4,169962655	0,9225
4,170312915	0,9203
4,17194578	0,9203
4,172645571	0,9205
4,173502082	0,9173
4,17489229	0,9124
4,175938592	0,9083
4,176912186	0,9051
4,178097186	0,9019
4,179444946	0,8998
4,181324998	0,8971
4,183202863	0,8949
4,183893905	0,8941
4,185241092	0,8944
4,186081248	0,8968
4,186705676	0,8988
4,18759854	0,8973
4,188829061	0,8944
4,190021509	0,8912
4,191148853	0,8893
4,192899321	0,8885
4,193576978	0,8875
4,194865936	0,887
4,195960207	0,8873
4,19823229	0,8875
4,199915519	0,8878
4,200319009	0,8883
4,201051457	0,8878
4,202317655	0,8873
4,20344453	0,8883
4,204584842	0,8893
4,205801769	0,89
4,206994426	0,8902
4,208237394	0,89
4,209384842	0,8897
4,210658332	0,8897
4,211827134	0,8902
4,213409946	0,8902
4,216174426	0,8897
4,217421926	0,8897
4,217960415	0,8907
4,218628801	0,8924
4,220503853	0,8934
4,221189894	0,8944
4,222580311	0,8968
4,223174113	0,9
4,223899217	0,9022
4,225164113	0,9037
4,226401978	0,9056
4,227829165	0,9095
4,228897446	0,9129
4,231955103	0,9132
4,233301613	0,9095
4,233827603	0,9056
4,234300832	0,9046
4,235444894	0,9054
4,236235051	0,9076
4,237553332	0,9112
4,238691196	0,9151
4,239791353	0,9176
4,240986717	0,9186
4,242011769	0,9195
4,243543644	0,922
4,244617759	0,9247
4,24581453	0,9259
4,248219478	0,9229
4,2493188	0,92
4,24986453	0,92
4,251187342	0,9215
4,251945467	0,9237
4,254031248	0,9278
4,254861769	0,933
4,255473123	0,9366
4,256817186	0,9393
4,25779479	0,943
4,259505884	0,9471
4,260237863	0,9508
4,261709946	0,9533
4,26298005	0,9547
4,268780675	0,9572
4,270001144	0,9584
4,270681717	0,9596
4,271207498	0,9618
4,271677446	0,9633
4,272146613	0,9645
4,273937863	0,9657
4,274662498	0,9681
4,275124478	0,9708
4,275558905	0,9738
4,276100728	0,9784
4,277547238	0,9811
4,278445728	0,984
4,279903592	0,9874
4,290823175	0,9896
4,293275884	0,9918
4,294054269	0,9948
4,295580675	0,9972
4,297007342	0,9992
4,297704061	1,0026
4,298195467	1,0055
4,299070728	1,007
4,300710519	1,0087
4,301572238	1,0109
4,302285988	1,0119
4,303156561	1,0112
4,303720259	1,0107
4,304141248	1,0114
4,30447328	1,0097
4,30488078	1,0068
4,305212238	1,0043
4,305556769	1,0016
4,305978123	0,9989
4,306309842	0,9957
4,30676854	0,9916
4,307228123	0,9887
4,307598592	0,9869
4,31045479	0,984
4,312089373	0,9821
4,312672863	0,9806
4,313162915	0,9782
4,313520884	0,9757
4,322366561	0,975
4,3247438	0,974
4,325110936	0,9725
4,325390988	0,9718
4,32569604	0,9713
4,325947915	0,9706
4,326235936	0,9699
4,326545103	0,9696
4,326860675	0,9691
4,327131248	0,9679
4,327398436	0,9677
4,328172759	0,9686
4,329164634	0,9701
4,332303905	0,9718
4,334379686	0,973
4,33575505	0,974
4,336427498	0,9738
4,336961405	0,9735
4,337350415	0,9755
4,337736978	0,9786
4,339031978	0,9801
4,340142967	0,9804
4,341429738	0,9808
4,342549634	0,9823
4,343827446	0,9845
4,344952446	0,9867
4,346446405	0,9891
4,354812915	0,9906
4,355722446	0,9921
4,356064061	0,994
4,356334738	0,9948
4,35705203	0,996
4,35735229	0,9977
4,3576138	0,9984
4,35785755	0,9992
4,358100155	0,9999
4,360992655	1,0004
4,361479009	1,0018
4,361747915	1,0028
4,36198979	1,0033
4,378649946	1,0036
4,381504894	1,0038
4,382153123	1,0053
4,383074478	1,0055
4,383846457	1,0046
4,384435415	1,0036
4,384971769	1,0041
4,385442186	1,0043
4,385940103	1,0024
4,386393436	1,0011
4,386907082	1,0009
4,387334113	1,0001
4,387721457	0,9994
4,388204478	0,9989
4,388555155	0,9982
4,388890519	0,9967
4,389292498	0,996
4,389957707	0,995
4,390293853	0,994
4,39073729	0,9933
4,391082342	0,9926
4,391394165	0,9921
4,391711821	0,9913
4,392028071	0,9894
4,3923288	0,9882
4,393311353	0,9879
4,394727342	0,9865
4,395739686	0,984
4,398154582	0,9811
4,400603696	0,9784
4,401287082	0,9762
4,402123592	0,9735
4,404234738	0,9703
4,404779946	0,9669
4,405273592	0,964
4,405939686	0,9618
4,406881978	0,9598
4,408048905	0,9576
4,409309061	0,955
4,410195571	0,9528
4,411503592	0,9508
4,412709634	0,9489
4,416627498	0,9464
4,417675675	0,9447
4,418273488	0,9435
4,418767863	0,9415
4,4196813	0,9395
4,420542498	0,9383
4,421402446	0,9374
4,422572342	0,9366
4,423900467	0,9359
4,4249713	0,9352
4,426558592	0,9334
4,4278788	0,9317
4,428569738	0,9317
4,431826196	0,932
4,433000259	0,9325
4,433464478	0,9332
4,433878228	0,9339
4,435068853	0,9354
4,437067707	0,9369
4,438085155	0,9371
4,438743019	0,9369
4,439819009	0,9374
4,440868592	0,9395
4,442210936	0,942
4,443434321	0,9435
4,444719269	0,9444
4,445903592	0,9457
4,450629009	0,9476
4,454101665	0,9501
4,45516505	0,9523
4,455746561	0,9535
4,456251873	0,9557
4,456691196	0,9586
4,457109842	0,9606
4,457511925	0,962
4,457919634	0,9642
4,45828953	0,9667
4,458833384	0,9686
4,4600588	0,9708
4,461150259	0,9728
4,462475675	0,974
4,470971977	0,9743
4,473204477	0,9747
4,473769373	0,975
4,474287498	0,9757
4,47573755	0,9764
4,476087134	0,9769
4,476388957	0,9772
4,47667479	0,9777
4,477118071	0,9769
4,477362394	0,9772
4,477636821	0,9777
4,478055467	0,9772
4,478405832	0,9769
4,47968104	0,9764
4,490142186	0,9752
4,491638696	0,9743
4,492221248	0,9733
4,492734894	0,9723
4,493196196	0,9716
4,493643644	0,9703
4,494306769	0,9689
4,494916873	0,9684
4,495276821	0,9677
4,495645102	0,9677
4,495952811	0,9679
4,496480207	0,9672
4,49685104	0,9662
4,49720453	0,9652
4,499037186	0,9638
4,500047707	0,9613
4,50053328	0,9589
4,50184453	0,9564
4,50313505	0,9552
4,5037313	0,9557
4,504967446	0,9552
4,5062213	0,9545
4,50733703	0,9528
4,508611821	0,9491
4,509899061	0,9462
4,511195259	0,9442
4,512532602	0,942
4,514044373	0,9403
4,515261925	0,9388
4,516760988	0,9376
4,5180413	0,9347
4,51858604	0,9317
4,519617811	0,9293
4,520650102	0,9266
4,521797811	0,9244
4,523211665	0,922
4,524167863	0,92
4,525707498	0,9183
4,52658979	0,9164
4,527773748	0,9142
4,52896578	0,9117
4,531557186	0,9095
4,532652915	0,9071
4,533172863	0,9046
4,5341413	0,9041
4,536303592	0,9054
4,537473488	0,9046
4,538016873	0,9032
4,538735102	0,9027
4,539955467	0,9029
4,54112479	0,9034
4,542725311	0,9044
4,54366604	0,9066
4,544812707	0,9088
4,545948384	0,9102
4,550137238	0,9124
4,552502082	0,9149
4,55309453	0,9168
4,553540623	0,9181
4,553956717	0,9205
4,554318905	0,9232
4,55481604	0,9249
4,555737186	0,9273
4,5571038	0,93
4,558252186	0,9322
4,559405102	0,9344
4,560508905	0,9366
4,561598071	0,9383
4,563127759	0,941
4,564330936	0,9442
4,57211328	0,9464
4,573855571	0,9474
4,574421092	0,9484
4,576351352	0,9503
4,576732811	0,952
4,577023123	0,953
4,577330102	0,9545
4,577607134	0,9557
4,577886405	0,9562
4,578142238	0,9576
4,578418852	0,9601
4,579064165	0,9625
4,593223852	0,964
4,594943748	0,9652
4,595496405	0,9662
4,595966769	0,9667
4,596390102	0,9681
4,596847602	0,9691
4,597249477	0,9691
4,597657498	0,9684
4,598063592	0,9681
4,598458852	0,9684
4,598930363	0,9674
4,59936203	0,9662
4,600681925	0,9655
4,601127707	0,9647
4,601518071	0,963
4,601885727	0,962
4,602237759	0,9625
4,602761561	0,9623
4,603124477	0,9611
4,603512967	0,9596
4,6061738	0,9596
4,60765755	0,9603
4,608113332	0,9608
4,608465155	0,9603
4,609020155	0,9601
4,610224425	0,9596
4,611494373	0,9596
4,615331717	0,9603
4,617661457	0,9613
4,617977967	0,9628
4,618239165	0,9642
4,6184788	0,965
4,618794842	0,9659
4,620647134	0,9677
4,621455155	0,9691
4,622305988	0,9713
4,623510415	0,9738
4,62467979	0,9767
4,626062967	0,9799
4,627337967	0,9818
4,628266873	0,9835
4,631283071	0,984
4,632326561	0,9852
4,632839373	0,9874
4,63372604	0,9894
4,634890207	0,9904
4,63592229	0,9921
4,636820832	0,9943
4,637929477	0,9955
4,63952104	0,997
4,640357915	1,0001
4,641543957	1,0041
4,64301755	1,0063
4,644140363	1,0053
4,645419582	1,0041
4,648685988	1,0036
4,652404582	1,0009
4,653458071	0,9977
4,654160207	0,9972
4,6550788	0,9974
4,65578953	0,9974
4,656272967	0,9972
4,65672229	0,9967
4,657291457	0,9955
4,657754009	0,9938
4,658461769	0,9911
4,659816092	0,9882
4,660971769	0,9857
4,662221092	0,9818
4,671629686	0,9782
4,673975832	0,975
4,674890727	0,9713
4,676680988	0,9684
4,677070571	0,9652
4,677361352	0,9611
4,677665207	0,9576
4,677956665	0,9564
4,678228905	0,954
4,67869479	0,9498
4,679000259	0,9467
4,679341665	0,9452
4,67967328	0,9427
4,679954842	0,9405
4,682007602	0,9391
4,68336953	0,9374
4,683860519	0,9359
4,684231457	0,9344
4,685811561	0,9337
4,686789217	0,933
4,687967915	0,9317
4,68894604	0,9305
4,690007759	0,9293
4,691326561	0,9288
4,692625207	0,9291
4,693958852	0,9291
4,695156196	0,9291
4,697699061	0,9291
4,698663384	0,9288
4,699334946	0,9295
4,700741509	0,9308
4,701469373	0,933
4,702957498	0,9352
4,703682811	0,9352
4,704604321	0,9356
4,705861196	0,9374
4,707415884	0,9388
4,708449217	0,9393
4,709691613	0,9374
4,71127255	0,9354
4,712187134	0,9354
4,715624321	0,9359
4,717097602	0,9388
4,719870727	0,9432
4,720516196	0,9469
4,720938123	0,9496
4,721342759	0,9525
4,72171255	0,9552
4,722094425	0,9581
4,723498332	0,9603
4,724452967	0,9616
4,726322238	0,9616
4,727250884	0,9616
4,727705675	0,9616
4,728835415	0,9613
4,731490154	0,9586
4,732638123	0,955
4,733193957	0,952
4,734157186	0,9508
4,735403175	0,9508
4,736830936	0,9528
4,737488852	0,9564
4,738614634	0,9606
4,739787759	0,9642
4,741026561	0,9684
4,742439738	0,9713
4,743529425	0,973
4,744703227	0,9733
4,746007238	0,9735
4,749007967	0,9747
4,750818957	0,9743
4,751525207	0,9735
4,752587654	0,9735
4,753058332	0,9738
4,753524582	0,9745
4,754460102	0,9752
4,755675727	0,9755
4,756661925	0,975
4,757841144	0,9745
4,759325779	0,9735
4,760414894	0,9725
4,761739113	0,9721
4,763392029	0,9713
4,769548488	0,9708
4,771019425	0,9706
4,771550884	0,9689
4,772007446	0,9677
4,772448279	0,9677
4,772888592	0,9662
4,775641352	0,965
4,776347602	0,9657
4,776804061	0,965
4,777195884	0,9628
4,777658227	0,9608
4,778080571	0,9596
4,778607342	0,9591
4,793309686	0,9581
4,796954738	0,9569
4,798038019	0,9557
4,799287863	0,9547
4,800094113	0,953
4,800600832	0,9518
4,802061769	0,9511
4,803277446	0,9501
4,803811352	0,9484
4,804230154	0,9459
4,80462229	0,9437
4,804964738	0,9422
4,80531755	0,9422
4,8056613	0,9425
4,806000311	0,9417
4,806347811	0,9408
4,807029165	0,9388
4,807383644	0,9374
4,807715467	0,9371
4,808016144	0,9374
4,808320988	0,9374
4,808631769	0,9366
4,808938957	0,9364
4,809255311	0,9359
4,809565311	0,9356
4,809879373	0,9361
4,812834582	0,9364
4,815722602	0,9369
4,816340363	0,9371
4,816708123	0,9374
4,817024009	0,9378
4,817328488	0,9393
4,818779686	0,941
4,819749946	0,9417
4,820926404	0,9425
4,821977029	0,9439
4,823344946	0,9457
4,824391769	0,9467
4,825870363	0,9476
4,827157134	0,9484
4,828037134	0,9496
4,829270467	0,9513
4,831522394	0,9528
4,832548592	0,9542
4,83336005	0,9552
4,836381977	0,9562
4,837094738	0,9564
4,838080519	0,9562
4,838589269	0,9567
4,839335936	0,9564
4,840485519	0,9567
4,841666769	0,9574
4,842850363	0,9574
4,84519729	0,9579
4,845679321	0,9581
4,846273019	0,9591
4,848286821	0,9598
4,84920255	0,9603
4,850172342	0,962
4,851837238	0,9645
4,852392863	0,9672
4,853636144	0,9686
4,854708227	0,9691
4,855965154	0,9696
4,857123644	0,9706
4,858293227	0,9721
4,859642915	0,9728
4,860863852	0,9745
4,862042238	0,9767
4,867832967	0,9791
4,868879165	0,9813
4,869383852	0,9826
4,869884165	0,9835
4,870322863	0,9845
4,870941769	0,9857
4,871415884	0,9869
4,871847342	0,9884
4,873014165	0,9906
4,874205779	0,9931
4,875592446	0,9957
4,876613123	0,9992
4,877777602	1,0018
4,879409477	1,005
4,885365988	1,0092
4,886368436	1,0129
4,886932811	1,0173
4,887378227	1,0214
4,887799686	1,0246
4,888197238	1,0275
4,888604269	1,0302
4,889043019	1,0307
4,890178279	1,0302
4,891316613	1,0309
4,892558592	1,0321
4,893599269	1,0317
4,894895102	1,0307
4,896102498	1,0292
4,898404686	1,0282
4,899572394	1,0278
4,900330623	1,0258
4,900915779	1,0231
4,902180884	1,0202
4,903340467	1,017
4,904444113	1,0146
4,905821769	1,0107
4,907144217	1,0063
4,90815005	1,0026
4,909424738	0,9984
4,910702654	0,9938
4,911775154	0,9896
4,913064634	0,9855
4,915496717	0,9811
4,916614842	0,9767
4,91715979	0,9728
4,918089894	0,9689
4,920264738	0,9642
4,920915675	0,9601
4,921468175	0,9562
4,922674009	0,9515
4,923859946	0,9481
4,925021769	0,9444
4,926270519	0,9403
4,927442915	0,9361
4,928659009	0,9315
4,931852081	0,9271
4,933041717	0,9242
4,933602342	0,9215
4,934100727	0,9198
4,935819217	0,9186
4,937221404	0,9171
4,938039894	0,9156
4,938741821	0,9149
4,93953255	0,9132
4,940699113	0,9124
4,942209061	0,9134
4,943594842	0,9142
4,944575415	0,9142
4,946108592	0,9139
4,947225467	0,9134
4,948143904	0,9142
4,952674998	0,9161
4,953655571	0,9178
4,954044998	0,9205
4,954580675	0,9227
4,954922915	0,9244
4,955434165	0,9256
4,956530831	0,9269
4,957845675	0,9295
4,959086613	0,9317
4,960119946	0,9342
4,9612638	0,9376
4,962556144	0,9417
4,966432654	0,9479
4,967416561	0,9533
4,967768644	0,9572
4,9680988	0,9611
4,969122498	0,963
4,970079686	0,9655
4,971428956	0,9689
4,972464321	0,9708
4,973517238	0,9721
4,974775884	0,9728
4,976014477	0,974
4,977097602	0,9757
4,9789838	0,9772
4,983666613	0,9784
4,984557654	0,9782
4,984932394	0,9777
4,985262186	0,9774
4,985558904	0,9772
4,986540415	0,9774
4,987306977	0,9772
4,988223852	0,9772
4,98978854	0,9779
4,991216509	0,9779
4,992298123	0,9777
4,993490259	0,9777
4,994413956	0,9782
4,995816456	0,9782
4,997245206	0,9779
4,998437029	0,9786
4,999215154	0,9791
5,000535363	0,9796
5,001621509	0,9804
5,002851144	0,9813
5,004088071	0,9828
5,005135467	0,9833
5,006473956	0,9838
5,007529477	0,9852
5,008725884	0,9857
5,009700311	0,9857
5,011104946	0,9869
5,012299842	0,9887
5,015016196	0,9896
5,016211404	0,9901
5,016664634	0,9906
5,017081144	0,9931
5,018735727	0,9962
5,020143436	0,9984
5,020704738	0,9992
5,022034581	0,9994
5,023599425	1,0004
5,024376456	1,0009
5,025846977	1,0016
5,02678755	1,0036
5,027926248	1,0058
5,029165571	1,0077
5,031289581	1,0087
5,03229979	1,0085
5,032975988	1,0085
5,034323175	1,0082
5,035693592	1,0065
5,036433123	1,0041
5,037732186	1,0011
5,039103436	0,9974
5,040085675	0,9945
5,041163488	0,9916
5,042415779	0,9877
5,043825363	0,9843
5,044750311	0,9808
5,046167915	0,9774
5,049049686	0,9743
5,05024255	0,9711
5,050928592	0,9681
5,051917186	0,9647
5,052679217	0,9613
5,053676404	0,9579
5,055111925	0,9535
5,055809686	0,9491
5,057019009	0,945
5,058262186	0,9415
5,059644634	0,9393
5,060646456	0,9371
5,061901248	0,9349
5,068410519	0,9325
5,069713175	0,9303
5,070306404	0,9286
5,071053019	0,9271
5,071580831	0,9271
5,072102394	0,9276
5,07257104	0,9286
5,073035206	0,9298
5,073459634	0,93
5,081222915	0,9303
5,081981509	0,931
5,0825738	0,9315
5,083117446	0,9312
5,084236092	0,9303
5,08474729	0,9308
5,085214634	0,93
5,085645988	0,9288
5,086096821	0,9286
5,086601665	0,9283
5,087077081	0,9276
5,087574061	0,9269
5,091505936	0,9269
5,092587342	0,9281
5,093081665	0,9308
5,093414842	0,9337
5,093802394	0,9359
5,09504979	0,9381
5,095952186	0,9413
5,101450727	0,9442
5,102860988	0,9469
5,103350415	0,9498
5,103648227	0,9533
5,103950988	0,9564
5,104203227	0,9594
5,104471925	0,9625
5,105785102	0,9657
5,106772602	0,9684
5,107869894	0,9706
5,109349061	0,9725
5,110288852	0,9755
5,111968592	0,9782
5,11529104	0,9794
5,116211873	0,9806
5,116604321	0,9821
5,116904738	0,9828
5,118058331	0,9845
5,119410988	0,9865
5,120277029	0,9874
5,121994008	0,9884
5,123050675	0,9894
5,123620311	0,9896
5,124867706	0,9894
5,126213071	0,9899
5,127240102	0,9901
5,128364529	0,9901
5,132369842	0,9906
5,133398696	0,9906
5,1337863	0,9899
5,134127602	0,9889
5,136409061	0,9877
5,137547811	0,9857
5,13805255	0,9833
5,139278852	0,9804
5,139836144	0,9784
5,14054104	0,9772
5,141582446	0,975
5,143200467	0,973
5,144138956	0,9706
5,145411977	0,9674
5,149339633	0,9642
5,151565467	0,9611
5,152338279	0,9584
5,152999113	0,9555
5,153614738	0,9523
5,154176977	0,9498
5,154778071	0,9471
5,155954894	0,9444
5,156680623	0,9425
5,157403488	0,9403
5,158655363	0,9383
5,159889946	0,9381
5,160993383	0,9403
5,162312081	0,9476
5,163676456	0,9591
5,172240571	0,9718
5,174157238	0,9838
5,174962654	0,9916
5,176210363	0,9921
5,178467029	0,9874
5,178908227	0,9818
5,179218279	0,9745
5,179499321	0,9662
5,179748227	0,9574
5,179978696	0,9498
5,180238175	0,9439
5,180478488	0,9383
5,180714738	0,9347
5,180966352	0,9322
5,193794998	0,9312
5,196847811	0,9327
5,197763383	0,9337
5,198332394	0,9359
5,199178488	0,9386
5,19980854	0,9417
5,200367863	0,9459
5,201111456	0,9491
5,201601925	0,9528
5,202197342	0,9574
5,202952498	0,9611
5,203698175	0,9645
5,204301092	0,9691
5,204791092	0,9738
5,205234477	0,9774
5,206209165	0,9791
5,207415519	0,9818
5,208021248	0,9828
5,208777602	0,9818
5,209338956	0,9813
5,209824008	0,9799
5,210375154	0,9782
5,211066248	0,9774
5,211700206	0,9782
5,212359008	0,9794
5,212838279	0,9816
5,213268436	0,984
5,217407654	0,9857
5,219855623	0,9889
5,221060727	0,9933
5,221850831	0,9982
5,222318175	1,0031
5,223132706	1,0077
5,223672654	1,0126
5,224079165	1,0175
5,224496821	1,0212
5,225908748	1,0229
5,227027811	1,0229
5,228174008	1,0216
5,229130363	1,019
5,232453227	1,0158
5,23426104	1,0136
5,235022238	1,0119
5,235717915	1,0099
5,236022915	1,0085
5,236529217	1,006
5,237603123	1,0031
5,238901561	1,0011
5,239956561	0,9992
5,241133644	0,9945
5,242727863	0,9889
5,243612238	0,9835
5,244733019	0,9784
5,245983279	0,9743
5,247883383	0,9711
5,248806561	0,9686
5,250321456	0,9669
5,251350936	0,9657
5,25226104	0,9633
5,253756352	0,9603
5,254742758	0,9567
5,255884269	0,9523
5,257069165	0,9489
5,258238436	0,9454
5,259552498	0,9422
5,261064946	0,9405
5,263404321	0,9398
5,264935311	0,9398
5,265756561	0,941
5,266791196	0,9425
5,268037081	0,9435
5,269013071	0,9444
5,26995755	0,9469
5,271203331	0,9498
5,272083331	0,9525
5,272935154	0,9547
5,274090623	0,9557
5,275270831	0,9572
5,285237498	0,9596
5,287381352	0,9613
5,288118696	0,9623
5,288660988	0,965
5,289189633	0,9677
5,289732498	0,9686
5,290138331	0,9708
5,290789842	0,9743
5,291350779	0,9764
5,291634477	0,9772
5,291919477	0,9782
5,292247081	0,9799
5,292543071	0,9811
5,292825154	0,9823
5,293340311	0,984
5,2952488	0,9852
5,295884321	0,9874
5,303764269	0,9896
5,304904477	0,9913
5,305300206	0,9931
5,305554894	0,9945
5,305860571	0,9962
5,306130988	0,9967
5,306530206	0,9972
5,306792863	0,9984
5,307033019	0,997
5,308454529	0,9945
5,309604425	0,9938
5,310442238	0,9955
5,311716977	0,9972
5,312978956	0,997
5,315514842	0,996
5,316309165	0,995
5,31659104	0,9931
5,317598592	0,9901
5,318699686	0,9874
5,319790779	0,984
5,320901508	0,9806
5,322063592	0,9774
5,32349505	0,974
5,324558644	0,9699
5,325801248	0,9652
5,327021196	0,9608
5,328103279	0,9567
5,329287915	0,9515
5,331216821	0,9464
5,331988748	0,9437
5,333272029	0,9413
5,334611977	0,9374
5,335523383	0,9347
5,336670363	0,9342
5,337908956	0,9332
5,339144269	0,9315
5,340336925	0,9308
5,34150505	0,9312
5,343172758	0,932
5,344002185	0,9332
5,345132863	0,9349
5,347665675	0,9366
5,348562342	0,9383
5,349041769	0,9403
5,351342863	0,943
5,352177498	0,9457
5,352907238	0,9491
5,353998644	0,9535
5,354999633	0,9579
5,356079842	0,9611
5,357168331	0,9645
5,358412446	0,9689
5,359683852	0,9735
5,360822185	0,9774
5,362052238	0,9806
5,368348071	0,985
5,369676977	0,9901
5,370256352	0,994
5,370944217	0,997
5,371426821	0,9999
5,371861717	1,0028
5,372315467	1,0053
5,372731613	1,0075
5,37328479	1,0085
5,374696769	1,0087
5,375669425	1,009
5,376773956	1,0092
5,377880623	1,009
5,379243383	1,008
5,393199946	1,0063
5,397022185	1,0058
5,398230988	1,0065
5,400897133	1,0063
5,401540467	1,0038
5,402246873	1,0009
5,402993644	0,9992
5,403518748	0,9982
5,40394979	0,9962
5,404510831	0,9938
5,404946508	0,9918
5,405445154	0,9901
5,405854217	0,9884
5,406274738	0,9874
5,40696031	0,986
5,407397394	0,985
5,407894217	0,9843
5,408495727	0,9826
5,409097342	0,9813
5,409518748	0,9818
5,409947133	0,9818
5,410460571	0,9806
5,411135727	0,9804
5,411829165	0,9799
5,412364165	0,9786
5,41277156	0,9777
5,413111821	0,9767
5,413427967	0,9777
5,41680406	0,9784
5,417796248	0,9779
5,418172342	0,9789
5,418475415	0,9796
5,419346925	0,9796
5,420421613	0,9811
5,421520935	0,9828
5,422729685	0,9838
5,423869217	0,9857
5,425425519	0,9879
5,426361196	0,9896
5,427585675	0,9906
5,428682394	0,9909
5,430797967	0,9923
5,431717602	0,9926
5,432629269	0,9923
5,433762133	0,9918
5,435083748	0,9909
5,436262446	0,9894
5,437442185	0,9887
5,438660102	0,9877
5,439846404	0,9862
5,441024321	0,9857
5,442248019	0,9848
5,443522185	0,9823
5,444425363	0,9808
5,445848592	0,9799
5,448193488	0,9789
5,449133331	0,9774
5,449559998	0,9764
5,450991873	0,9762
5,452679633	0,9767
5,453554113	0,9772
5,454116352	0,9767
5,45552604	0,9772
5,45680505	0,9774
5,457776196	0,9774
5,459175102	0,9782
5,460283488	0,9794
5,461474008	0,9796
5,466848488	0,9789
5,46781854	0,9791
5,468354113	0,9796
5,468859477	0,9791
5,469320675	0,9789
5,469736404	0,9789
5,470181873	0,9786
5,471382185	0,9782
5,472346873	0,9767
5,473498227	0,9752
5,474925935	0,9747
5,475978748	0,9733
5,477350831	0,9728
5,478417029	0,9733
5,481661717	0,9733
5,482747394	0,9733
5,483262706	0,9738
5,483734113	0,974
5,484733175	0,975
5,4858188	0,9764
5,486972654	0,9774
5,488079946	0,9772
5,489664685	0,9777
5,491126717	0,9786
5,491801144	0,9794
5,493072498	0,9801
5,494242758	0,9801
5,495874842	0,9806
5,497141144	0,9806
5,501738956	0,9808
5,502672185	0,9806
5,503080467	0,9796
5,503399269	0,9796
5,503667446	0,9794
5,503909946	0,9777
5,505029894	0,9762
5,506200831	0,975
5,507464008	0,974
5,508877238	0,973
5,50979229	0,9723
5,511103592	0,9706
5,512224321	0,9691
5,513959581	0,9679
5,515900935	0,9662
5,51640729	0,9642
5,517660415	0,963
5,519364113	0,9611
5,519950258	0,9584
5,52129979	0,9542
5,522378383	0,9474
5,523586352	0,9386
5,5247063	0,9298
5,526240779	0,9205
5,528008956	0,9129
5,528553696	0,9068
5,530627133	0,9012
5,53145854	0,8978
5,532262706	0,898
5,5332563	0,9005
5,534933696	0,9049
5,53585354	0,9095
5,536629633	0,9151
5,53808281	0,9227
5,539148748	0,9295
5,540245102	0,9359
5,541144894	0,9417
5,542374269	0,9467
5,543749217	0,9513
5,544837081	0,9564
5,549493956	0,9616
5,550901977	0,9667
5,55146781	0,9728
5,551912081	0,9784
5,552300571	0,9833
5,552663279	0,9891
5,553497446	0,9948
5,554866873	0,9989
5,555966248	1,0021
5,557082863	1,0058
5,558224842	1,0102
5,559565519	1,0155
5,560597602	1,0197
5,561797862	1,0231
5,563508852	1,0268
5,572807706	1,028
5,574177446	1,0278
5,575077446	1,026
5,575545519	1,0236
5,576145102	1,0221
5,576519633	1,0221
5,576924477	1,0221
5,577378956	1,0202
5,577747237	1,0185
5,578089112	1,0175
5,578696821	1,0165
5,579090571	1,0143
5,579532706	1,0116
5,580049008	1,0085
5,58933281	1,0046
5,591864842	0,9994
5,592695571	0,9933
5,593247967	0,9869
5,593611456	0,9813
5,593959998	0,9777
5,594372237	0,9738
5,594819217	0,9689
5,595151977	0,9655
5,596166665	0,9633
5,596747237	0,9616
5,597289894	0,9603
5,59753031	0,9594
5,597778383	0,9579
5,600264008	0,9562
5,600812706	0,9545
5,601130571	0,9535
5,601996925	0,953
5,603124008	0,9525
5,604592185	0,9525
5,6059663	0,9523
5,607011665	0,952
5,60786354	0,9518
5,609260362	0,9515
5,610304217	0,9508
5,611495206	0,9493
5,612760154	0,9476
5,616162602	0,9469
5,616766612	0,9464
5,617077133	0,9444
5,61822854	0,942
5,619500467	0,9403
5,620452654	0,9386
5,621280883	0,9371
5,622407029	0,9359
5,623809425	0,9347
5,625354008	0,9337
5,626140102	0,9325
5,627383748	0,9315
5,628471717	0,931
5,632200831	0,9305
5,632887915	0,9312
5,633212498	0,9327
5,633794321	0,9339
5,634925519	0,9349
5,636065779	0,9361
5,637225154	0,9361
5,638239529	0,9361
5,639511144	0,9364
5,640702133	0,9369
5,641858383	0,9378
5,643409321	0,9395
5,644282498	0,9415
5,645558227	0,943
5,648508696	0,9432
5,649189112	0,9442
5,649538592	0,945
5,650445675	0,9462
5,651669269	0,9491
5,652933071	0,9506
5,654133487	0,9525
5,655384269	0,9555
5,656431977	0,9579
5,657576717	0,9603
5,659758696	0,9633
5,660744373	0,9664
5,661580519	0,9694
5,662458904	0,9711
5,667004425	0,9735
5,667705571	0,9769
5,668034633	0,9779
5,668748123	0,9752
5,66919755	0,9701
5,672094217	0,9664
5,672582915	0,9679
5,672868644	0,9723
5,673450258	0,9782
5,67528656	0,9848
5,67605781	0,9901
5,676926248	0,9948
5,678054008	1,0001
5,681305519	1,0046
5,682322706	1,0075
5,682691977	1,0104
5,68343229	1,0129
5,684962706	1,0153
5,685875987	1,017
5,686944373	1,0182
5,687912498	1,0197
5,689025206	1,0204
5,690188175	1,0216
5,69140906	1,0234
5,692714998	1,0238
5,693798487	1,0221
5,695013748	1,0197
5,697831873	1,018
