time_ajustado	gFy
0.00487239	0.9454
0.00531760	0.9464
0.00559265	0.9467
0.00585203	0.945
0.00682083	0.9427
0.00720843	0.9415
0.00748822	0.9405
0.00775968	0.9391
0.00805140	0.9383
0.00836557	0.9386
0.00865921	0.9388
0.00893781	0.9383
0.00923229	0.9364
0.01005119	0.9347
0.01251427	0.9344
0.01317270	0.9347
0.01351213	0.9347
0.01460177	0.9339
0.01855531	0.9322
0.01908489	0.932
0.01942718	0.9322
0.01971546	0.9325
0.02065916	0.932
0.02166906	0.9312
0.02282067	0.9315
0.02406546	0.9317
0.02538494	0.9325
0.02655671	0.9332
0.02760744	0.9344
0.02877531	0.9366
0.03038536	0.9381
0.03467109	0.9383
0.03511765	0.9381
0.03540427	0.9374
0.03564156	0.9371
0.03616739	0.9381
0.03733849	0.9383
0.03854437	0.9383
0.03970677	0.9391
0.04093322	0.9398
0.04215604	0.9405
0.04338020	0.9413
0.04447895	0.9403
0.04572088	0.9405
0.04774796	0.9422
0.04834109	0.9427
0.04961369	0.9422
0.05083442	0.9422
0.05201270	0.9427
0.05308937	0.9427
0.05426494	0.9427
0.05561135	0.9432
0.05671677	0.9444
0.05871161	0.9444
0.05918526	0.9439
0.06019468	0.943
0.06138791	0.9405
0.06276286	0.9386
0.06481119	0.9386
0.06695427	0.9383
0.06731437	0.9366
0.06778484	0.9354
0.06881364	0.9352
0.06998078	0.9347
0.07132286	0.9339
0.07249635	0.9334
0.07367390	0.933
0.07518687	0.9325
0.07608385	0.9322
0.07719015	0.9315
0.07838156	0.93
0.07982682	0.9288
0.08187744	0.9293
0.08303125	0.93
0.08462864	0.9293
0.08510401	0.9273
0.08604770	0.9269
0.08709776	0.9269
0.08819442	0.9276
0.08938005	0.9281
0.09104906	0.9278
0.09176968	0.9293
0.09303515	0.931
0.09414942	0.9315
0.09534567	0.931
0.09652385	0.93
0.09830958	0.9293
0.09930729	0.9291
0.10107062	0.9286
0.10195671	0.9291
0.10320630	0.93
0.10504729	0.9305
0.10623421	0.9312
0.10687974	0.931
0.10787953	0.9305
0.10924526	0.9303
0.11026171	0.931
0.11170484	0.9322
0.11280364	0.9334
0.11477671	0.933
0.11542687	0.932
0.11661135	0.9327
0.11787411	0.9332
0.11884859	0.9337
0.12002656	0.9344
0.12073140	0.9356
0.12204369	0.9356
0.12321317	0.9344
0.12440828	0.9337
0.12559369	0.9342
0.12692979	0.9349
0.12802724	0.9354
0.12926526	0.9356
0.13179796	0.9347
0.13309968	0.9342
0.13396974	0.9339
0.13497307	0.9325
0.13779083	0.9317
0.13830807	0.9312
0.13869708	0.9315
0.13925182	0.9325
0.14038562	0.9327
0.14141140	0.933
0.14278546	0.9334
0.14386510	0.9339
0.14525864	0.9342
0.14621682	0.9349
0.15122010	0.9354
0.15178963	0.9349
0.15218114	0.9349
0.15251505	0.9347
0.15280291	0.9354
0.15380729	0.9369
0.15534140	0.9369
0.15650671	0.9361
0.15787875	0.9359
0.1588025	0.9364
0.16008057	0.9374
0.16089489	0.9374
0.1622975	0.9364
0.16471072	0.9359
0.16520489	0.9366
0.16585828	0.9383
0.16721192	0.9398
0.16877244	0.94
0.16958104	0.9403
0.17063901	0.9408
0.17174770	0.941
0.17295739	0.9415
0.17420343	0.9427
0.17553265	0.943
0.17666317	0.9425
0.17770947	0.942
0.17913182	0.9422
0.18150046	0.9427
0.18199093	0.942
0.18298187	0.941
0.18403880	0.9415
0.18531744	0.9432
0.18634989	0.9447
0.18753479	0.945
0.18896546	0.9447
0.19005979	0.9435
0.19152062	0.9425
0.19245958	0.9422
0.19369984	0.9417
0.19495343	0.9415
0.19594494	0.9408
0.19817572	0.9408
0.1987675	0.9405
0.19979135	0.9398
0.20091796	0.9398
0.20206802	0.9395
0.20319130	0.9391
0.20441531	0.9386
0.20576104	0.9383
0.20701317	0.9371
0.20797354	0.9364
0.20913302	0.9359
0.21042114	0.9354
0.21171437	0.9352
0.21293630	0.9342
0.21490744	0.933
0.21543322	0.9325
0.21666203	0.9327
0.21796479	0.9334
0.21911484	0.9342
0.22018619	0.9332
0.22132630	0.932
0.22278125	0.93
0.22389526	0.9273
0.22492093	0.9261
0.22607791	0.9264
0.22736583	0.9276
0.22847161	0.9278
0.22974421	0.9271
0.23199776	0.9266
0.23251833	0.9273
0.23371041	0.9291
0.23538119	0.93
0.23664078	0.931
0.23727442	0.9315
0.23862875	0.932
0.23957916	0.9322
0.24064197	0.9322
0.24205406	0.9332
0.24343083	0.9349
0.24444114	0.9349
0.24558479	0.9347
0.24788625	0.9354
0.24846666	0.9364
0.25247302	0.9366
0.25306671	0.9366
0.25342713	0.9366
0.25371541	0.9371
0.25433947	0.9378
0.25543625	0.9383
0.25662651	0.9383
0.25782151	0.9369
0.25914713	0.9361
0.26027640	0.9374
0.26143697	0.9378
0.26260854	0.9376
0.26547781	0.9369
0.26728140	0.9369
0.2696275	0.9374
0.27022947	0.9371
0.27072520	0.9371
0.27103781	0.9369
0.27134369	0.9352
0.272335	0.9344
0.27345843	0.9339
0.27484385	0.9327
0.2758675	0.9315
0.2770875	0.9305
0.27825171	0.9303
0.27945119	0.9303
0.28226671	0.9305
0.28300541	0.9303
0.28361687	0.9295
0.28476974	0.9293
0.28611291	0.9286
0.28713776	0.9281
0.28810520	0.9286
0.28931395	0.9283
0.29044692	0.9276
0.29173895	0.9271
0.29305099	0.9269
0.29420265	0.9271
0.29552989	0.9271
0.29651156	0.9266
0.29866171	0.9251
0.29925432	0.9244
0.30039536	0.9251
0.30154953	0.9261
0.30285578	0.9269
0.30387724	0.9281
0.30490291	0.9295
0.30608036	0.9303
0.30738567	0.9303
0.30847994	0.93
0.30984072	0.9303
0.31124177	0.9312
0.3121175	0.9325
0.31337005	0.9327
0.31564453	0.9315
0.31622979	0.9312
0.31744041	0.9317
0.31858958	0.9325
0.31977927	0.933
0.32080588	0.933
0.32198338	0.9327
0.32325947	0.932
0.32431479	0.9315
0.3256825	0.9317
0.32693296	0.932
0.32798494	0.9317
0.32923401	0.9317
0.33198072	0.9312
0.33255781	0.9303
0.33292166	0.9303
0.33423437	0.9308
0.33650135	0.9305
0.33743166	0.93
0.33788817	0.9303
0.33890703	0.9298
0.33998734	0.9286
0.34112390	0.9281
0.34228812	0.9283
0.34373760	0.9286
0.34483755	0.9283
0.34601151	0.9281
0.35093776	0.9278
0.35159338	0.9276
0.35199130	0.9273
0.35230281	0.9269
0.35261593	0.9273
0.35362963	0.9286
0.35466187	0.9288
0.35589359	0.9293
0.35700567	0.9291
0.35823057	0.9286
0.35956046	0.9281
0.36057640	0.9278
0.36187817	0.9278
0.36313640	0.9266
0.36480802	0.9261
0.36583515	0.9261
0.36696989	0.9261
0.36814520	0.9261
0.36922755	0.9254
0.37061765	0.9249
0.37197244	0.9251
0.37327031	0.9251
0.37417171	0.9259
0.37544859	0.9276
0.37696817	0.9293
0.37794645	0.9303
0.37918989	0.9308
0.38057557	0.9312
0.38276979	0.9317
0.38339937	0.9327
0.38441140	0.9342
0.38708083	0.9337
0.38757166	0.9339
0.38790885	0.9339
0.38881041	0.933
0.38995744	0.9325
0.39146473	0.9337
0.39216041	0.9347
0.39330296	0.9334
0.39467317	0.9325
0.39574572	0.933
0.39838494	0.9327
0.39892437	0.9322
0.39950223	0.9315
0.40076651	0.9315
0.40211854	0.931
0.40334598	0.9295
0.40437937	0.9295
0.40569838	0.9295
0.40660734	0.9288
0.40800989	0.9278
0.40920223	0.9269
0.41037869	0.9269
0.41150625	0.9273
0.41278453	0.9273
0.41603614	0.9269
0.41670171	0.9273
0.41705307	0.9276
0.41778937	0.9271
0.41954322	0.9259
0.4201725	0.9254
0.42132583	0.9264
0.42244932	0.9271
0.42371921	0.9283
0.42501848	0.93
0.42628348	0.9305
0.42735078	0.9298
0.42857281	0.93
0.42966010	0.9305
0.43189291	0.9325
0.43250005	0.9339
0.43369661	0.9337
0.43493989	0.9347
0.43590760	0.9361
0.43705854	0.9369
0.43814166	0.9378
0.43939093	0.9381
0.44051223	0.9378
0.44167114	0.9369
0.44310421	0.9359
0.44414546	0.9352
0.44538364	0.9344
0.44647260	0.9349
0.45085932	0.9352
0.45148619	0.9352
0.45186088	0.9349
0.45221182	0.9349
0.45370994	0.9347
0.45415208	0.9334
0.45532098	0.9325
0.45648906	0.9317
0.45761463	0.931
0.45890630	0.9305
0.46020796	0.9298
0.46134901	0.9286
0.46329942	0.9269
0.46528338	0.9254
0.46584994	0.9251
0.46618317	0.9242
0.46754718	0.9229
0.46847546	0.9227
0.46982156	0.921
0.47083911	0.9183
0.47201046	0.9168
0.47314630	0.9164
0.47441333	0.9156
0.47561661	0.9142
0.47681276	0.9129
0.47799505	0.9117
0.47939088	0.9098
0.48239468	0.909
0.48471968	0.9083
0.48514687	0.9068
0.48547093	0.9061
0.48627963	0.9056
0.48701463	0.9054
0.48800057	0.9056
0.48904645	0.9059
0.49019177	0.9063
0.49146994	0.9068
0.49264343	0.9078
0.49376656	0.9088
0.49512614	0.9102
0.49620932	0.91
0.49911640	0.9088
0.49985442	0.9093
0.50028098	0.9105
0.50163776	0.9107
0.50263614	0.911
0.50428208	0.912
0.50499494	0.9124
0.50619083	0.9129
0.50725880	0.9137
0.50840338	0.9139
0.50978765	0.9146
0.51127447	0.9149
0.51207906	0.9144
0.51320187	0.9144
0.51571010	0.9146
0.51730494	0.9156
0.51904973	0.9164
0.52025208	0.9166
0.52082463	0.9168
0.52137364	0.9173
0.52179958	0.9183
0.52345260	0.9183
0.52433276	0.9183
0.52545796	0.9186
0.52660171	0.9183
0.52776385	0.9168
0.528965	0.9154
0.53032630	0.9146
0.53487364	0.9134
0.53626078	0.9124
0.53689057	0.9124
0.53745218	0.9112
0.53794765	0.9093
0.53839812	0.9081
0.53900614	0.9073
0.54043791	0.9066
0.54123541	0.9059
0.54369015	0.9041
0.54441697	0.9015
0.54486536	0.8993
0.54632723	0.898
0.55189421	0.8978
0.55242567	0.8968
0.55273677	0.8954
0.55304531	0.8949
0.55331812	0.8954
0.55356369	0.8951
0.55437244	0.8946
0.55558687	0.8946
0.55671463	0.8949
0.55795562	0.8958
0.55940776	0.8966
0.56041276	0.8971
0.56171526	0.898
0.56308598	0.8978
0.56499338	0.8993
0.56572979	0.9034
0.56677958	0.9061
0.56778536	0.9078
0.56894593	0.91
0.57013656	0.912
0.57141208	0.9146
0.57246802	0.9173
0.57375578	0.9198
0.5748525	0.9234
0.57616140	0.9291
0.57734885	0.9339
0.57854526	0.9374
0.57973145	0.9405
0.58224875	0.9432
0.58454218	0.9476
0.58547572	0.9525
0.58698770	0.9579
0.58803848	0.9625
0.58860994	0.9667
0.58912098	0.9718
0.58957281	0.9757
0.59080031	0.9791
0.59192359	0.9833
0.59315026	0.9872
0.59443812	0.9904
0.59542406	0.994
0.59679848	0.9965
0.60067557	0.9979
0.60315927	1.0004
0.60412520	1.0026
0.60466447	1.0046
0.60517239	1.0082
0.60558526	1.0121
0.60601671	1.0143
0.60638286	1.0158
0.60795197	1.0175
0.60872333	1.0197
0.61008036	1.0209
0.61122656	1.0219
0.61258182	1.0221
0.61374572	1.0224
0.61664901	1.0226
0.61797026	1.0216
0.61876796	1.0209
0.61939317	1.0209
0.61994645	1.0212
0.62123828	1.0214
0.62261864	1.0214
0.62349994	1.0199
0.62460927	1.017
0.62603026	1.0148
0.62727901	1.0131
0.62852036	1.0114
0.62943036	1.0097
0.63246598	1.0068
0.63320177	1.0028
0.63363619	0.9992
0.63485843	0.9967
0.63584270	0.994
0.63749317	0.9921
0.63801515	0.9896
0.63937973	0.9865
0.64045020	0.9823
0.64177494	0.9779
0.64390046	0.9745
0.64442458	0.9708
0.64604020	0.9674
0.64750552	0.9645
0.64837166	0.9611
0.65763473	0.9584
0.65900973	0.955
0.65987609	0.952
0.66028234	0.9496
0.66066333	0.9457
0.66108260	0.9422
0.66142890	0.94
0.66178317	0.9381
0.67074026	0.9359
0.67185192	0.9342
0.67228375	0.9332
0.67262145	0.9325
0.67293359	0.931
0.67324322	0.9291
0.67356203	0.9278
0.67389052	0.9271
0.67420015	0.9269
0.67459697	0.9283
0.67492713	0.9288
0.67522911	0.9281
0.67556036	0.9278
0.67595343	0.9288
0.67628828	0.9303
0.67671296	0.9322
0.67797083	0.9337
0.67916302	0.9349
0.68055723	0.9369
0.6830325	0.9386
0.68365458	0.9398
0.68397911	0.9413
0.68579807	0.943
0.68631807	0.9447
0.68759755	0.9464
0.68879052	0.9481
0.68992776	0.9493
0.69169776	0.9506
0.69252692	0.9513
0.69372661	0.9528
0.69496880	0.9545
0.69594781	0.955
0.69910213	0.9557
0.70073062	0.9562
0.70267244	0.9569
0.70330265	0.9584
0.70365718	0.9596
0.70459255	0.9594
0.70499505	0.9584
0.70594968	0.9574
0.70704843	0.9567
0.70816317	0.9559
0.70931614	0.9562
0.71061765	0.9564
0.71188979	0.9564
0.71297281	0.9559
0.71598359	0.955
0.71675515	0.9547
0.71844338	0.9542
0.71911890	0.953
0.71984890	0.9513
0.72064140	0.9491
0.72176921	0.9471
0.72278354	0.9457
0.72393890	0.9442
0.72517927	0.9432
0.72637645	0.9422
0.72800463	0.9403
0.72864708	0.9381
0.72979630	0.9369
0.73218437	0.9352
0.73277317	0.9317
0.73382531	0.9298
0.73498645	0.9293
0.73632541	0.9276
0.73736343	0.9256
0.73835557	0.9232
0.73975942	0.9212
0.74076505	0.9198
0.74198916	0.9181
0.74349687	0.9164
0.74446197	0.9134
0.74564463	0.9102
0.74703171	0.9088
0.75122671	0.9066
0.75200880	0.9049
0.75248322	0.9046
0.75288572	0.9041
0.75334260	0.9032
0.75491010	0.9017
0.75702411	0.9005
0.75767625	0.9002
0.75811260	0.901
0.75922979	0.901
0.76037291	0.8995
0.76162140	0.8983
0.76313776	0.8968
0.76406416	0.8954
0.76718822	0.8949
0.76796479	0.8941
0.76841234	0.8941
0.76917026	0.8954
0.77010562	0.8958
0.77168473	0.8949
0.77251989	0.8927
0.77367703	0.8912
0.77531479	0.8917
0.77618572	0.8924
0.77728552	0.8922
0.77848005	0.8905
0.77978380	0.889
0.78483208	0.888
0.78583354	0.8875
0.78644843	0.8873
0.78711036	0.888
0.78759635	0.8888
0.78841546	0.8895
0.78890890	0.889
0.79119343	0.8878
0.79184015	0.8873
0.79230109	0.8865
0.79303385	0.8868
0.79429697	0.8883
0.79553203	0.889
0.79657119	0.8885
0.79977010	0.8888
0.80071223	0.8888
0.80130947	0.8895
0.80177885	0.891
0.80282718	0.8929
0.80396671	0.8951
0.80506156	0.8963
0.80643526	0.8971
0.80739458	0.8973
0.80867958	0.8988
0.81000447	0.9007
0.81119223	0.9024
0.81231161	0.9051
0.81387453	0.9073
0.81866	0.9095
0.81991473	0.9129
0.82048708	0.9156
0.82100218	0.9186
0.82146177	0.9215
0.82185421	0.9249
0.82221802	0.9283
0.82349739	0.9308
0.82447145	0.9344
0.82559166	0.9383
0.82714140	0.9415
0.82809416	0.945
0.82933119	0.9489
0.83389333	0.9533
0.83526312	0.9572
0.83589406	0.9608
0.83639213	0.9642
0.83683406	0.9664
0.83727281	0.9689
0.83780104	0.9718
0.83930208	0.9752
0.84021729	0.9777
0.84163953	0.9804
0.84436703	0.984
0.84512026	0.9867
0.84550286	0.9882
0.84614828	0.9896
0.85253588	0.9906
0.85319104	0.9916
0.85358656	0.994
0.85393421	0.996
0.85423427	0.9962
0.85455937	0.9974
0.85499671	0.9979
0.85594348	0.9977
0.85707031	0.9979
0.85845239	0.9987
0.85971380	0.9999
0.86072604	1.0009
0.86195197	1.0006
0.86327645	0.9996
0.86572677	0.9992
0.86627885	0.9992
0.86704026	0.9987
0.86798781	0.9972
0.86920296	0.9965
0.87033312	0.9967
0.87196078	0.9955
0.87301192	0.9933
0.87394546	0.9923
0.87525515	0.9913
0.87641739	0.9896
0.87751468	0.9877
0.87899067	0.9862
0.88009140	0.9845
0.88331921	0.9835
0.88394312	0.9833
0.88430473	0.9826
0.88533442	0.9823
0.88670677	0.9823
0.88757635	0.9813
0.88858604	0.9806
0.88981927	0.9796
0.89113713	0.9779
0.89215463	0.9767
0.89352864	0.9755
0.89461333	0.9747
0.89599630	0.974
0.89863796	0.9728
0.89930625	0.9718
0.90032921	0.9718
0.90107515	0.9725
0.90211526	0.9725
0.90356317	0.9711
0.90430187	0.9701
0.90569609	0.9708
0.90690390	0.9713
0.90803041	0.9703
0.90958223	0.9701
0.91041875	0.9706
0.91162958	0.9708
0.91326109	0.9708
0.91600776	0.9701
0.91675854	0.9701
0.91746744	0.9711
0.91894005	0.9728
0.91960901	0.9752
0.92105546	0.9764
0.92207677	0.9774
0.92314703	0.9782
0.92406505	0.9786
0.92608421	0.9794
0.92723927	0.9799
0.92802942	0.9811
0.92896666	0.9823
0.93033135	0.9833
0.93372317	0.9843
0.93480609	0.9855
0.93544177	0.9869
0.93599484	0.9884
0.93649765	0.9906
0.93732765	0.9921
0.93862312	0.9928
0.93978578	0.9938
0.94069932	0.9938
0.94204489	0.9938
0.94335343	0.9945
0.94454911	0.9957
0.94581510	0.9972
0.94710640	0.9992
0.95341119	1.0009
0.95426031	1.0011
0.95492812	1.0006
0.95551270	1.0011
0.95599786	1.0021
0.95650026	1.0024
0.95695140	1.0024
0.95741223	1.0024
0.95783651	1.0031
0.95905536	1.0038
0.96036619	1.0046
0.96156020	1.0063
0.96282614	1.0082
0.97152489	1.0092
0.97239651	1.0099
0.97295958	1.0109
0.97341822	1.0121
0.97390510	1.0138
0.97436203	1.0155
0.97493609	1.0163
0.97541375	1.016
0.97593567	1.0158
0.97640005	1.017
0.97686927	1.018
0.977355	1.0175
0.97846328	1.0175
0.97975510	1.0187
0.98781640	1.0204
0.98882015	1.0212
0.98940968	1.0207
0.98993411	1.0204
0.99042453	1.0202
0.99110567	1.0197
0.99159697	1.0192
0.99210213	1.019
0.99254604	1.018
0.99301786	1.0163
1.00178380	1.0146
1.00359161	1.0126
1.00440958	1.0102
1.00492953	1.008
1.00539963	1.0058
1.00582994	1.0036
1.00627598	1.0001
1.00679192	0.997
1.00727703	0.994
1.00770828	0.9913
1.00812197	0.9896
1.00855010	0.9877
1.0089475	0.984
1.00936484	0.9806
1.00978041	0.9782
1.01234067	0.9755
1.01286760	0.9728
1.01329781	0.9701
1.02227234	0.9679
1.02337682	0.965
1.02387453	0.962
1.02431546	0.9606
1.02470098	0.9589
1.02508984	0.9572
1.02546213	0.9555
1.02584901	0.9542
1.02623598	0.9537
1.02673015	0.953
1.02710781	0.9518
1.02771890	0.9501
1.02889427	0.9486
1.03620593	0.9489
1.03751989	0.9491
1.03830807	0.9474
1.03945026	0.9459
1.04033666	0.9462
1.04106093	0.9471
1.04158109	0.9484
1.04216281	0.9496
1.04316406	0.9496
1.04375515	0.9491
1.04446166	0.9498
1.04489328	0.9518
1.04531411	0.9533
1.04591859	0.954
1.04782536	0.9552
1.04942854	0.9564
1.04998630	0.9589
1.05158020	0.9625
1.05250645	0.9647
1.05374177	0.9674
1.05510375	0.9708
1.05584260	0.9735
1.05685302	0.976
1.05812270	0.9789
1.05961307	0.9813
1.06055213	0.9838
1.06180796	0.9869
1.06350739	0.9899
1.06533906	0.9926
1.06647921	0.9955
1.06709927	0.9977
1.06870322	1.0009
1.06926447	1.0038
1.07090953	1.0068
1.07152958	1.0092
1.07269947	1.0107
1.07404911	1.0133
1.07531067	1.0153
1.07644093	1.0168
1.07808619	1.0175
1.07872666	1.0173
1.07998239	1.0182
1.08160520	1.0202
1.08296911	1.0216
1.08387416	1.0226
1.08551328	1.0236
1.08631848	1.0243
1.08722182	1.0241
1.08830968	1.0241
1.08953552	1.0241
1.09127578	1.0231
1.09239802	1.0216
1.09308114	1.0195
1.09466317	1.0175
1.09754791	1.0155
1.09809859	1.0136
1.09855645	1.0114
1.10068531	1.0085
1.10137203	1.0068
1.10187390	1.0048
1.10331791	1.0014
1.10424385	0.9984
1.10548057	0.996
1.10662895	0.9933
1.10801671	0.9899
1.11098333	0.9862
1.11140291	0.983
1.11163348	0.9789
1.11247755	0.9745
1.11445671	0.9713
1.11530859	0.9679
1.11619276	0.9652
1.11743588	0.9625
1.11859708	0.9589
1.11969078	0.9557
1.12100916	0.9533
1.12209677	0.9508
1.12348421	0.9474
1.12450125	0.943
1.12589359	0.9391
1.12723026	0.9356
1.12822015	0.9325
1.12937348	0.9303
1.13182578	0.9278
1.13250921	0.9251
1.13342187	0.9229
1.13507661	0.9207
1.13627802	0.9193
1.13726744	0.9176
1.13819656	0.9154
1.13970276	0.9137
1.14051322	0.9115
1.14158838	0.909
1.14312369	0.9081
1.14405786	0.9068
1.14526734	0.9056
1.14661963	0.9044
1.15235041	0.9024
1.15312489	0.9
1.15367171	0.8963
1.15413531	0.8927
1.15472651	0.8927
1.15517937	0.8971
1.15561437	0.9015
1.15619619	0.9054
1.15758093	0.9083
1.15866968	0.909
1.16010822	0.9098
1.16117651	0.9112
1.16233458	0.9124
1.16388682	0.9132
1.16800375	0.9122
1.16878302	0.9124
1.16929005	0.9134
1.16977802	0.9134
1.17022880	0.9124
1.17117260	0.9124
1.17208895	0.9137
1.17320859	0.9149
1.17439812	0.9154
1.17569005	0.9149
1.17703895	0.9161
1.17795838	0.9173
1.17935031	0.9183
1.18057348	0.9205
1.18434281	0.9212
1.18509911	0.9225
1.18563869	0.9254
1.18645109	0.9283
1.1871425	0.9312
1.18815354	0.9344
1.18929812	0.9369
1.19040260	0.9398
1.19163026	0.9427
1.19279640	0.9464
1.19417229	0.9501
1.19531630	0.9533
1.19647510	0.9567
1.20167984	0.9606
1.20245161	0.9659
1.20306359	0.9706
1.20350921	0.9745
1.20397864	0.9779
1.2044	0.9818
1.20504697	0.9862
1.20585088	0.9909
1.20717276	0.9952
1.20842010	0.9987
1.20939057	1.0033
1.21065875	1.0097
1.21261494	1.0146
1.21442468	1.019
1.21539307	1.0234
1.21892213	1.0275
1.21953119	1.0314
1.21989958	1.0356
1.22019296	1.04
1.22046703	1.0451
1.22166411	1.048
1.22302755	1.0488
1.22390546	1.0488
1.22511552	1.0488
1.22653942	1.047
1.22752375	1.0409
1.22877807	1.039
1.23001953	1.0451
1.23253114	1.0539
1.23324187	1.062
1.23379953	1.0671
1.23514380	1.0705
1.23623	1.0732
1.23739984	1.0742
1.23839380	1.0744
1.23969718	1.0739
1.24103828	1.0742
1.24210062	1.0737
1.24346916	1.0725
1.24453401	1.07
1.24583916	1.0669
1.25139687	1.0649
1.25218921	1.0632
1.25269062	1.061
1.25316463	1.058
1.25361963	1.0551
1.25407156	1.0519
1.25460885	1.0495
1.25558369	1.0466
1.25667130	1.0422
1.25781223	1.0385
1.25939375	1.0358
1.26096697	1.0331
1.26151953	1.0304
1.26262942	1.027
1.26503859	1.0238
1.26567390	1.0214
1.26669739	1.019
1.26787942	1.0155
1.26912411	1.0126
1.27033723	1.0102
1.27142838	1.0075
1.27237776	1.0033
1.27352458	0.9992
1.27481109	0.997
1.27609890	0.9935
1.27716083	0.9894
1.27828348	0.9818
1.27970114	0.9708
1.28192838	0.9655
1.28267442	0.9672
1.28340401	0.9718
1.28522901	0.9764
1.28780156	0.9799
1.28864833	0.9816
1.28917015	0.9813
1.28960947	0.9816
1.29040697	0.9818
1.29203296	0.9813
1.29288005	0.9806
1.29400598	0.9806
1.29530328	0.9801
1.29644260	0.9794
1.29924781	0.9789
1.29981161	0.9779
1.30205062	0.9774
1.30277520	0.9779
1.3031775	0.9791
1.30418375	0.9799
1.30525718	0.9801
1.30639937	0.9801
1.30758119	0.9804
1.30873989	0.9816
1.31017244	0.9823
1.31151026	0.9845
1.31264572	0.9865
1.31395286	0.9872
1.32058239	0.9882
1.32189010	0.9896
1.32243937	0.9918
1.32303098	0.9935
1.32343947	0.9952
1.32381458	0.9972
1.32420656	0.9992
1.32456270	0.9994
1.32492046	1.0004
1.32622614	1.0018
1.32707145	1.0033
1.32836442	1.0043
1.32917260	1.0046
1.33138796	1.0048
1.33189447	1.005
1.33406291	1.0058
1.33557083	1.006
1.33679885	1.0063
1.33762833	1.0068
1.33814937	1.006
1.33933442	1.0055
1.34010010	1.0058
1.34115895	1.0043
1.3423075	1.0028
1.34375130	1.0011
1.34481098	0.9982
1.34603083	0.997
1.35402828	0.9962
1.35482296	0.9933
1.35519041	0.9891
1.35554895	0.9869
1.35587526	0.986
1.35620260	0.9838
1.35650552	0.9813
1.35682927	0.9796
1.35715718	0.9784
1.35835416	0.9764
1.35969968	0.9747
1.36073067	0.9728
1.36183421	0.9706
1.36356562	0.9699
1.37078656	0.9691
1.37173458	0.9681
1.37228755	0.9681
1.37273406	0.9684
1.37319083	0.9684
1.37364218	0.9679
1.37407833	0.9664
1.37471901	0.9659
1.37521609	0.9664
1.37569645	0.9669
1.37652166	0.9677
1.37771885	0.9677
1.37908140	0.9686
1.38019364	0.9708
1.38493817	0.9721
1.38562812	0.9706
1.38606682	0.9681
1.38645739	0.9659
1.38693125	0.9616
1.38780942	0.9508
1.38853770	0.9417
1.38970468	0.9435
1.39094609	0.9506
1.39290578	0.9584
1.39424307	0.9664
1.39507494	0.9735
1.39573802	0.9784
1.39731760	0.9818
1.40061572	0.9845
1.40213979	0.9857
1.40346708	0.9872
1.40438911	0.9877
1.40502104	0.9862
1.40550791	0.9848
1.40596734	0.9833
1.40667713	0.9811
1.40778744	0.9806
1.40904098	0.9799
1.41022567	0.9786
1.41163911	0.9777
1.41262703	0.976
1.41615390	0.974
1.41686291	0.9713
1.41732390	0.9694
1.41781531	0.9686
1.41940828	0.9686
1.42040781	0.9689
1.42141817	0.9681
1.42243598	0.9664
1.42376374	0.9652
1.42511864	0.9647
1.42655546	0.9659
1.42751953	0.9662
1.42850036	0.9659
1.42980734	0.965
1.43269609	0.9579
1.43353749	0.9491
1.43410015	0.9464
1.43520427	0.9511
1.43627802	0.9589
1.43745697	0.9669
1.43868947	0.9738
1.43978223	0.9789
1.44082031	0.983
1.44191489	0.9862
1.44316281	0.9872
1.44433062	0.9882
1.44557296	0.9887
1.44681958	0.9882
1.45174171	0.9882
1.45249505	0.9872
1.45297776	0.9852
1.45338838	0.983
1.45386109	0.9813
1.45427010	0.9799
1.45633432	0.9784
1.45700984	0.9772
1.45803828	0.9755
1.45923729	0.9735
1.46085749	0.9713
1.46160020	0.9699
1.46312640	0.9694
1.46580203	0.9679
1.46645588	0.9657
1.46700494	0.964
1.46786374	0.9606
1.46904656	0.9589
1.47031947	0.9581
1.47126744	0.9562
1.47253822	0.9545
1.47383473	0.9528
1.47529572	0.9506
1.47888479	0.9481
1.47958562	0.9464
1.48007578	0.9452
1.48059385	0.9437
1.48104942	0.942
1.48354104	0.94
1.48482651	0.9393
1.48547145	0.9393
1.48600567	0.9381
1.48729354	0.9366
1.48830281	0.9354
1.48927130	0.9337
1.49042682	0.9327
1.49154494	0.9325
1.49283197	0.931
1.49402802	0.9244
1.49524661	0.9149
1.49655078	0.91
1.49901057	0.9117
1.49972458	0.9178
1.50026604	0.9259
1.50121270	0.9359
1.50274916	0.9452
1.50374744	0.9528
1.50480645	0.9596
1.50612010	0.9642
1.50746755	0.9647
1.50842697	0.9625
1.50977406	0.9633
1.51106880	0.9681
1.51216005	0.9733
1.51315145	0.9794
1.51562447	0.986
1.51634786	0.9921
1.51734817	0.9977
1.51834453	1.0033
1.51948270	1.0085
1.52066406	1.0121
1.52178015	1.0148
1.52337598	1.0158
1.52445437	1.017
1.52549182	1.0202
1.52660062	1.0224
1.52778781	1.0246
1.52893635	1.0268
1.53233927	1.0212
1.53315583	1.0094
1.53368140	1.0006
1.53419515	0.9999
1.53544041	1.0058
1.53731317	1.0143
1.53809588	1.0246
1.53911255	1.0348
1.54002890	1.0434
1.54125494	1.0505
1.54240494	1.0561
1.54398598	1.0595
1.54487739	1.0617
1.54607145	1.0629
1.55194124	1.0625
1.55269760	1.0607
1.55320489	1.0588
1.55373343	1.0575
1.55417583	1.0561
1.55473036	1.0534
1.55520255	1.05
1.55567520	1.0466
1.55714005	1.0436
1.55816239	1.0407
1.55938609	1.0326
1.56062078	1.0207
1.56179755	1.0114
1.56333703	1.0053
1.56654234	1.0014
1.56738703	1.0001
1.56797270	1.0018
1.56908994	1.007
1.56958911	1.0124
1.57142057	1.0187
1.57256328	1.0251
1.57327880	1.0297
1.57397359	1.0336
1.57540656	1.0346
1.57642708	1.0334
1.57734395	1.0319
1.57847187	1.0304
1.57986692	1.0282
1.58495963	1.0246
1.58677156	1.0207
1.58795994	1.0177
1.58934124	1.0148
1.59000536	1.0109
1.59085890	1.008
1.59150651	1.0065
1.59187088	1.0033
1.59220796	0.9996
1.59287510	0.9962
1.59320937	0.9933
1.59503713	0.9913
1.59576656	0.9891
1.59689770	0.9865
1.59964104	0.9833
1.60144109	0.9806
1.60205078	0.9786
1.60243760	0.9769
1.60307401	0.975
1.60429515	0.973
1.60555791	0.9711
1.60667395	0.9686
1.60771208	0.965
1.60889489	0.9603
1.61008406	0.9576
1.61146541	0.9562
1.61256124	0.953
1.61516026	0.9491
1.61586624	0.9459
1.61656354	0.9422
1.61773119	0.9378
1.61925328	0.9334
1.62019510	0.9288
1.62227916	0.9249
1.62296223	0.9217
1.62359317	0.9176
1.62471489	0.9134
1.62611874	0.9102
1.62741874	0.9063
1.62825677	0.9037
1.62951328	0.9012
1.63205578	0.8978
1.63284093	0.8954
1.63342885	0.8934
1.63483052	0.8919
1.63573401	0.8905
1.63751203	0.8895
1.63879015	0.8885
1.63947562	0.8878
1.64038453	0.888
1.64161374	0.888
1.64289770	0.888
1.64412166	0.8883
1.64528057	0.889
1.64635364	0.8897
1.65644703	0.8893
1.65762463	0.8895
1.65818812	0.891
1.65873098	0.8929
1.65955494	0.8956
1.65998713	0.8985
1.66037145	0.901
1.66088078	0.9027
1.66138395	0.9041
1.66184322	0.9059
1.66222666	0.9085
1.66303687	0.9127
1.66414984	0.9154
1.66457401	0.9178
1.66489807	0.9215
1.67207786	0.9249
1.67324083	0.9288
1.67370130	0.9334
1.67413598	0.9364
1.67464536	0.9386
1.67511270	0.941
1.67555614	0.9442
1.67602187	0.9462
1.67659036	0.9467
1.67692645	0.9489
1.67782223	0.9503
1.67928786	0.9501
1.68072437	0.9493
1.68221645	0.9491
1.68514229	0.9486
1.68566166	0.9471
1.68594854	0.9454
1.68642421	0.9439
1.68786749	0.9422
1.68886776	0.94
1.69006338	0.9386
1.69139390	0.9361
1.69236656	0.9322
1.69361348	0.9293
1.69495447	0.9278
1.69595213	0.9261
1.69792604	0.9229
1.69858885	0.9186
1.70000864	0.9144
1.70111369	0.9117
1.70338401	0.9088
1.70388958	0.9054
1.70455802	0.9024
1.70583072	0.899
1.70705572	0.8954
1.70816682	0.8917
1.70962661	0.8875
1.71082437	0.8831
1.71191869	0.8795
1.71314755	0.8758
1.71551520	0.8726
1.71630249	0.868
1.71687604	0.8636
1.71826239	0.8607
1.71947895	0.857
1.72180046	0.8536
1.72363645	0.8502
1.72450906	0.847
1.72518260	0.8433
1.72586140	0.8399
1.72752744	0.8375
1.72850630	0.834
1.72905541	0.8309
1.73361614	0.8284
1.73537906	0.8267
1.73644119	0.8257
1.73707734	0.8245
1.73765624	0.8238
1.73824218	0.823
1.73906656	0.8203
1.73970145	0.8174
1.74017916	0.8167
1.74149786	0.8157
1.74215713	0.814
1.74344989	0.8128
1.74480307	0.812
1.74633885	0.8125
1.75595984	0.814
1.75660020	0.815
1.75692572	0.8137
1.75722229	0.8115
1.75749885	0.8096
1.75780192	0.8096
1.75808468	0.8091
1.75836083	0.8064
1.75881124	0.8072
1.75914864	0.8084
1.75945635	0.8074
1.76040067	0.8103
1.76161406	0.8198
1.76278166	0.8336
1.77237390	0.8497
1.77365083	0.8665
1.77416161	0.8831
1.77484223	0.8985
1.77527614	0.9115
1.77564885	0.9212
1.77623151	0.9283
1.77658874	0.9344
1.77692468	0.9393
1.77726161	0.9447
1.77757510	0.9501
1.77789072	0.9552
1.77841697	0.9594
1.77965343	0.9625
1.78359817	0.9662
1.78519156	0.9706
1.78598869	0.975
1.78673317	0.9791
1.78729411	0.9826
1.78780713	0.9865
1.78826416	0.9894
1.78936036	0.9899
1.79067145	0.985
1.79182937	0.976
1.79301203	0.9677
1.79417338	0.963
1.79560296	0.9635
1.79750062	0.9677
1.79801453	0.973
1.80033015	0.9808
1.80093651	0.9913
1.80284963	1.0024
1.80818526	1.0094
1.80879505	1.0146
1.80906546	1.0195
1.80930932	1.0241
1.80950067	1.0302
1.80971869	1.037
1.81042463	1.0431
1.81144484	1.0485
1.81275494	1.0507
1.81690057	1.0488
1.81763296	1.0434
1.81806994	1.0353
1.81858624	1.0251
1.81903802	1.0143
1.81978843	1.0033
1.82085807	0.9916
1.82198718	0.9811
1.82332635	0.9713
1.82442411	0.9625
1.82604739	0.9537
1.82688322	0.9439
1.82818703	0.9347
1.82935447	0.9269
1.83168765	0.92
1.83239098	0.9134
1.83316552	0.9071
1.83446281	0.9017
1.83547083	0.8966
1.83665494	0.891
1.83784979	0.8853
1.83895401	0.8795
1.84005765	0.8738
1.84135145	0.868
1.84247666	0.8619
1.84372526	0.856
1.84488338	0.8502
1.84607484	0.8436
1.85099973	0.8382
1.85179401	0.8336
1.85230583	0.8279
1.85280260	0.8213
1.85326682	0.8157
1.85371380	0.8111
1.85478749	0.8072
1.85594057	0.8028
1.85746536	0.8001
1.85872124	0.7984
1.85971729	0.7957
1.86070604	0.7935
1.86178843	0.7927
1.86361229	0.7927
1.86669848	0.791
1.86764947	0.7888
1.86834557	0.7869
1.86880786	0.7862
1.86925421	0.7862
1.87045541	0.7869
1.87153526	0.7886
1.87271140	0.7893
1.87401614	0.7901
1.87533374	0.7927
1.87655005	0.7957
1.87795166	0.7974
1.87903411	0.7988
1.88000942	0.8003
1.88200932	0.8028
1.88278557	0.8047
1.88401874	0.8069
1.88531020	0.8079
1.88676885	0.8076
1.88741265	0.8084
1.88857901	0.8089
1.88960661	0.8098
1.89113302	0.8135
1.89216630	0.8184
1.89330505	0.8233
1.89570270	0.8277
1.89673239	0.8309
1.90025286	0.834
1.90163281	0.8365
1.90238656	0.8379
1.90334958	0.8387
1.90398083	0.8382
1.90467869	0.8379
1.90523901	0.8397
1.90588713	0.8409
1.90694963	0.8419
1.90802979	0.8423
1.90936281	0.8416
1.91036515	0.8401
1.91143708	0.8389
1.91255651	0.8365
1.91503999	0.834
1.91566947	0.8333
1.91674010	0.8316
1.91775296	0.8279
1.91905927	0.8238
1.92041901	0.8164
1.92120989	0.8091
1.92242812	0.8076
1.92367041	0.8106
1.92489109	0.8162
1.92628203	0.8213
1.92747999	0.8225
1.92845666	0.8218
1.92960494	0.8206
1.93200302	0.8174
1.93271494	0.8125
1.93366104	0.8067
1.93491489	0.8018
1.93598807	0.7969
1.93710567	0.791
1.93858062	0.7857
1.93947213	0.7808
1.94075307	0.7757
1.94194374	0.7703
1.94321031	0.7659
1.94451947	0.7617
1.94552656	0.7576
1.94678473	0.7534
1.95252031	0.75
1.95351958	0.7466
1.95414255	0.7436
1.95495906	0.7427
1.95555661	0.7414
1.95612015	0.7383
1.95664302	0.7351
1.95717052	0.7326
1.95767348	0.7317
1.95935093	0.7314
1.96006640	0.7305
1.96143020	0.729
1.96259807	0.7278
1.97133124	0.7265
1.97350260	0.7265
1.97417052	0.7258
1.97529593	0.7251
1.97651828	0.7261
1.97708098	0.7263
1.97753395	0.7258
1.97800583	0.7265
1.97837197	0.7287
1.97909869	0.7295
1.98009807	0.73
1.98069536	0.7317
1.98114317	0.7324
1.98243791	0.7317
1.98333708	0.7322
1.98387218	0.7329
1.98436890	0.7346
1.98820583	0.7361
1.98907541	0.7373
1.98955249	0.7385
1.99014640	0.7385
1.99062109	0.7388
1.99098364	0.7395
1.99179114	0.7392
1.99370854	0.7373
1.99416385	0.7346
1.99547255	0.7326
1.99646677	0.7314
1.99819333	0.7305
1.99909713	0.7285
2.00169859	0.7246
2.00223687	0.7207
2.00324692	0.7178
2.00414380	0.7146
2.00514749	0.7106
2.00639468	0.7072
2.00753223	0.7038
2.00871249	0.6997
2.00990317	0.6957
2.01280869	0.6909
2.01343197	0.6838
2.01397713	0.6757
2.01674791	0.6684
2.01766515	0.6606
2.01830572	0.6508
2.01883192	0.6403
2.02576015	0.631
2.02692343	0.6234
2.02740963	0.6154
2.02781927	0.6073
2.02832244	0.5997
2.02888880	0.5924
2.02940041	0.5839
2.02976203	0.5731
2.03025197	0.5612
2.03091958	0.5497
2.03167885	0.5387
2.03506604	0.5291
2.03592515	0.5208
2.03650880	0.5138
2.03705046	0.5064
2.03775838	0.4998
2.03885552	0.4947
2.03989614	0.4893
2.04101770	0.4827
2.04223239	0.4751
2.04350739	0.4676
2.04502416	0.4603
2.04610947	0.4529
2.05341911	0.4461
2.05510869	0.4412
2.05625885	0.4366
2.05744776	0.4312
2.05923739	0.4263
2.05993874	0.4219
2.06056249	0.4187
2.06118692	0.4158
2.06179541	0.4131
2.06242656	0.4107
2.06336901	0.4082
2.06419755	0.4053
2.06483328	0.4014
2.06542140	0.3987
2.06601864	0.3972
2.06673322	0.3965
2.06732484	0.3967
2.06788114	0.3975
2.07082104	0.3963
2.07209562	0.3906
2.07300286	0.3789
2.07370296	0.3628
2.07435151	0.3491
2.07526635	0.3432
2.07689890	0.3437
2.07737177	0.3481
2.07871796	0.3562
2.08171166	0.3696
2.08219848	0.3872
2.08271348	0.4043
2.08471770	0.4199
2.08510458	0.4361
2.08590640	0.4522
2.08713260	0.4668
2.08828526	0.481
2.08939817	0.4959
2.09066031	0.5096
2.09179666	0.5218
2.09300208	0.5348
2.09419447	0.547
2.09551921	0.5577
2.09776880	0.569
2.09871052	0.5804
2.09915828	0.5912
2.10039463	0.601
2.10181807	0.611
2.10296817	0.622
2.10400166	0.632
2.10527760	0.6396
2.10643208	0.6454
2.10778067	0.651
2.10883036	0.6567
2.11014348	0.6623
2.11145229	0.6706
2.11243401	0.6806
2.11509020	0.6904
2.11583020	0.7038
2.11619036	0.7178
2.11730354	0.7302
2.11871864	0.7405
2.11987723	0.7204
2.12104822	0.7197
2.12204578	0.7676
2.12332385	0.8018
2.12454791	0.8084
2.12574182	0.7971
2.12707906	0.7793
2.12838374	0.7605
2.12935729	0.7458
2.13191749	0.7363
2.13261984	0.7287
2.13323765	0.7214
2.13438067	0.7148
2.13563942	0.7104
2.13678026	0.7102
2.13806151	0.7116
2.13909166	0.715
2.14023093	0.7204
2.14144427	0.7248
2.14278177	0.7305
2.14382505	0.7383
2.14517968	0.749
2.14633510	0.7588
2.15196302	0.7707
2.15269151	0.8233
2.15315562	0.8714
2.15363041	0.8731
2.15409057	0.8636
2.15457276	0.8445
2.15638692	0.822
2.15694249	0.8035
2.15745187	0.7903
2.15855885	0.7803
2.15981906	0.7974
2.16091713	0.8181
2.16213953	0.8137
2.17028098	0.8074
2.17122208	0.802
2.17175114	0.7967
2.17229697	0.791
2.17292515	0.7854
2.17340546	0.7793
2.17386020	0.7735
2.17430083	0.7673
2.17538864	0.7622
2.17587249	0.7583
2.17632046	0.7539
2.17696098	0.7463
2.17794421	0.7319
2.17922822	0.7175
2.18150171	0.7089
2.18228213	0.6997
2.18328348	0.6894
2.18415057	0.6821
2.18577744	0.6765
2.18704624	0.6701
2.18776406	0.6628
2.18877494	0.6574
2.18991010	0.6547
2.19121828	0.6525
2.19269864	0.6493
2.19358317	0.6457
2.19517432	0.6415
2.19664083	0.6376
2.19761770	0.6339
2.20173776	0.6298
2.20327531	0.6291
2.20407921	0.6276
2.20472010	0.6222
2.20547515	0.6156
2.20630531	0.6105
2.20709739	0.6068
2.20749010	0.6037
2.20802609	0.601
2.20954697	0.601
2.21070192	0.6039
2.21174755	0.6017
2.21290270	0.5963
2.21598593	0.5956
2.21743505	0.599
2.21799479	0.6034
2.21833239	0.6078
2.21951958	0.6137
2.22038052	0.6212
2.22140447	0.6283
2.22256463	0.6352
2.22385083	0.6491
2.22509437	0.6664
2.22634187	0.6738
2.22745572	0.6704
2.22870177	0.6635
2.22994296	0.6603
2.23226479	0.6613
2.23295093	0.6633
2.23392848	0.665
2.23548385	0.6691
2.23681609	0.6752
2.23831265	0.6809
2.23906031	0.6879
2.24001822	0.6931
2.24093140	0.6931
2.24242442	0.6926
2.24333833	0.6975
2.24471197	0.705
2.24578197	0.7087
2.25150276	0.7109
2.25254786	0.7111
2.25327161	0.7104
2.25394682	0.7143
2.25472781	0.7197
2.25530322	0.7258
2.25960703	0.7351
2.26168374	0.7453
2.26357041	0.7571
2.26438999	0.771
2.26509156	0.7859
2.26581677	0.8013
2.26663380	0.8147
2.26742671	0.824
2.26808401	0.8269
2.26866911	0.8314
2.26933953	0.8404
2.26991901	0.8548
2.27073416	0.8714
2.27136109	0.8817
2.27186692	0.889
2.27258427	0.8973
2.27721098	0.9066
2.27889052	0.9146
2.28003109	0.9207
2.28082182	0.9247
2.28166171	0.9269
2.28207640	0.9293
2.28253406	0.931
2.28300546	0.9322
2.28687739	0.9339
2.28840432	0.9337
2.28943187	0.9327
2.29003895	0.933
2.29104901	0.9315
2.29177119	0.9283
2.29199249	0.9264
2.29219473	0.9259
2.29298734	0.9266
2.29411833	0.9273
2.29545078	0.9261
2.29653062	0.9247
2.29863973	0.9237
2.29937812	0.9222
2.30043609	0.9207
2.30210562	0.919
2.30285526	0.9181
2.30390973	0.9173
2.30503442	0.9149
2.30631234	0.9122
2.30738119	0.911
2.30854078	0.9107
2.30987109	0.911
2.31121463	0.9098
2.31238192	0.9098
2.31528749	0.911
2.31612734	0.9115
2.31853489	0.9117
2.31932317	0.9115
2.31989229	0.9107
2.32038635	0.9102
2.32090015	0.9102
2.32236317	0.9098
2.32397197	0.9088
2.32470880	0.9081
2.32590187	0.9076
2.32709572	0.9063
2.32808979	0.9034
2.32921036	0.8988
2.33254124	0.8961
2.33351692	0.8932
2.33435203	0.888
2.33513671	0.8817
2.33592817	0.8743
2.33713593	0.8663
2.33794395	0.8575
2.33927885	0.8487
2.34000364	0.8394
2.34132640	0.8304
2.34309458	0.8216
2.34373661	0.8118
2.34486812	0.8037
2.34606838	0.7964
2.35128562	0.7874
2.35244343	0.7781
2.35315947	0.7698
2.35385432	0.7615
2.35719677	0.7532
2.35802562	0.7453
2.35873229	0.739
2.35927072	0.7319
2.35992130	0.7248
2.36053635	0.7192
2.36107791	0.7141
2.36148624	0.7092
2.36192624	0.7048
2.36369437	0.7009
2.36615520	0.6977
2.36719369	0.6955
2.36789499	0.6933
2.36852843	0.6909
2.36960416	0.6894
2.37082531	0.6892
2.37192005	0.6889
2.37302734	0.6887
2.37413718	0.6896
2.37539828	0.6916
2.37684062	0.6948
2.37790687	0.6975
2.37907739	0.6999
2.38257437	0.7021
2.38372031	0.7045
2.38421635	0.7089
2.38477588	0.7128
2.38518520	0.7163
2.38643447	0.7202
2.38842786	0.7246
2.38907932	0.7292
2.39006572	0.7348
2.39155765	0.7405
2.39231098	0.7461
2.39357161	0.7532
2.39490885	0.7605
2.39591531	0.7678
2.39861520	0.7742
2.39925260	0.7791
2.40050557	0.7857
2.40116192	0.7932
2.40245776	0.801
2.40303531	0.8079
2.40430057	0.8145
2.40563864	0.8216
2.40677708	0.8277
2.40788880	0.8336
2.40934973	0.8397
2.41061744	0.846
2.41191979	0.8524
2.41281260	0.8577
2.41595020	0.8624
2.41726619	0.867
2.41839656	0.8716
2.41952765	0.8773
2.42031874	0.8841
2.42105776	0.8905
2.42201843	0.8963
2.42290249	0.9017
2.42378515	0.9076
2.42492270	0.9151
2.42660374	0.9215
2.42753296	0.9278
2.42903807	0.9344
2.42980848	0.94
2.43242979	0.9452
2.43348989	0.9513
2.43417281	0.9572
2.43491874	0.963
2.43605505	0.9694
2.43731942	0.976
2.43828124	0.9811
2.43937624	0.9855
2.44053843	0.9911
2.44176963	0.997
2.44319583	1.0026
2.44423078	1.0082
2.44556671	1.0133
2.44691479	1.0177
2.45378708	1.0226
2.45491546	1.0285
2.45564234	1.0341
2.45637072	1.0405
2.45689802	1.0466
2.45745843	1.0531
2.45789041	1.06
2.45829781	1.0669
2.45905286	1.0747
2.45966374	1.08
2.46021531	1.0847
2.46135848	1.0893
2.46244046	1.0935
2.47872770	1.0981
2.47976406	1.1003
2.48047505	1.1018
2.48160031	1.102
2.48223802	1.1018
2.48323046	1.102
2.48392937	1.1015
2.48453874	1.101
2.48496979	1.0996
2.48548880	1.0976
2.48600536	1.0952
2.48638317	1.092
2.48687703	1.0876
2.48733927	1.0832
2.48778953	1.0808
2.48823765	1.0795
2.48869312	1.0783
2.48914265	1.0759
2.48976156	1.0725
2.49034468	1.0686
2.49097156	1.0639
2.49158317	1.0593
2.49219312	1.0556
2.49271692	1.0522
2.49329692	1.0485
2.49388895	1.0446
2.49631942	1.0417
2.49725645	1.04
2.49788244	1.0368
2.50035546	1.0346
2.50162432	1.0343
2.50268437	1.0353
2.50330635	1.0363
2.50401760	1.0363
2.50464208	1.0385
2.50581817	1.0429
2.50695854	1.0475
2.50819640	1.0529
2.50941650	1.0595
2.51071734	1.0676
2.51183260	1.0764
2.51294734	1.0854
2.51691114	1.0952
2.51843843	1.1047
2.52044713	1.1152
2.52089312	1.1265
2.52127364	1.1374
2.52176390	1.1499
2.52222567	1.1616
2.52300854	1.1704
2.52422505	1.1778
2.52575421	1.1858
2.52703932	1.1963
2.52773656	1.2078
2.52889244	1.222
2.53007567	1.2391
2.53270380	1.2586
2.53352697	1.2794
2.53395286	1.2999
2.53518296	1.3216
2.53725348	1.3429
2.53868161	1.3615
2.53938427	1.3781
2.54045723	1.3964
2.54143244	1.4169
2.54261598	1.4367
2.54415291	1.4555
2.54595880	1.4731
2.54662317	1.4895
2.55190322	1.508
2.55284833	1.5295
2.55343916	1.5525
2.55404557	1.5725
2.55470119	1.5879
2.55529552	1.6016
2.55584416	1.6145
2.55627880	1.6277
2.55780833	1.6395
2.55857130	1.6517
2.55957406	1.6702
2.56050822	1.6905
2.56170609	1.7086
2.56320150	1.7257
2.57366046	1.7433
2.57543458	1.7611
2.57638385	1.7787
2.57714281	1.7958
2.57780208	1.8122
2.57837479	1.8259
2.57926802	1.8371
2.57984921	1.8491
2.58039104	1.8608
2.58089671	1.8708
2.58136713	1.8786
2.58185760	1.8867
2.58236177	1.8987
2.58301958	1.9109
2.58356187	1.9221
2.58398067	1.9309
2.58449010	1.9385
2.58753385	1.9485
2.58865296	1.9588
2.58930499	1.9656
2.58983807	1.9695
2.59031088	1.9744
2.59097697	1.9788
2.59226338	1.9813
2.59331525	1.9832
2.59457890	1.9837
2.59550791	1.9837
2.59716421	1.9834
2.59939843	1.9856
2.59990025	1.9876
2.60220593	1.9876
2.60292322	1.9883
2.60343333	1.9908
2.60414229	1.9944
2.60580031	1.9983
2.60668775	2.002
2.60771208	1.9502
2.60887213	1.8725
2.61022916	1.8574
2.61182781	1.8689
2.61264312	1.8742
2.61507109	1.8869
2.61587140	1.9075
2.61648098	1.9302
2.61782843	1.9534
2.61906296	1.9732
2.62033572	1.9908
2.62138583	2.0086
2.62233015	2.0242
2.62359822	2.035
2.62470989	2.0418
2.62628703	2.0482
2.62718703	2.0531
2.62846015	2.0572
2.62955515	2.0606
2.63215593	2.0628
2.63303244	2.0655
2.63383177	2.068
2.63483166	2.0694
2.63829703	2.0694
2.63992286	2.0653
2.64072150	2.0528
2.64119552	2.0338
2.64184749	2.0101
2.64241078	1.9822
2.64349302	1.9522
2.64413411	1.9214
2.64534531	1.8904
2.64707218	1.8576
2.64824083	1.8205
2.64909734	1.7804
2.65583400	1.7406
2.65686437	1.7027
2.65742578	1.6659
2.65800968	1.6287
2.65860161	1.5933
2.65926015	1.5615
2.66054942	1.5364
2.66105775	1.5151
2.66142604	1.4919
2.66189859	1.4668
2.66232744	1.4423
2.66493994	1.4201
2.66587177	1.3996
2.66646229	1.3781
2.66744567	1.3556
2.66849479	1.3407
2.67016874	1.3326
2.67101812	1.3216
2.67179635	1.306
2.67297937	1.2906
2.67410312	1.2772
2.67542166	1.2652
2.67675557	1.255
2.67781442	1.2462
2.67921052	1.2361
2.68220531	1.2229
2.68326385	1.2085
2.68494348	1.1924
2.68566291	1.1733
2.68607343	1.1543
2.68662286	1.136
2.68783744	1.1169
2.68880869	1.0935
2.68996499	1.0661
2.69138255	1.0395
2.69269640	1.0138
2.69363541	0.9857
2.69504708	0.9552
2.69612442	0.9232
2.69903197	0.8893
2.69974078	0.8643
2.70016463	0.8409
2.70122624	0.7967
2.70337479	0.7449
2.70409015	0.6904
2.70450067	0.6271
2.70601124	0.5179
2.70721557	0.4251
2.70816781	0.3965
2.70954078	0.3567
2.71057999	0.3032
2.71213281	0.2577
2.71347718	0.2196
2.71414244	0.1825
2.71693374	0.1459
2.71805124	0.1153
2.71916171	0.088
2.72028031	0.0667
2.72110135	0.052
2.72193479	0.0398
2.72263562	0.0225
2.72389041	0.0088
2.72493958	0.0066
2.72673031	-0.0071
2.72766536	-0.0254
2.72866062	-0.0364
2.73007947	-0.0491
2.73141130	-0.0635
2.73526395	-0.0769
2.73628525	-0.0943
2.73679479	-0.1182
2.73731942	-0.1424
2.73786661	-0.1761
2.73861619	-0.214
2.73984343	-0.244
2.74102765	-0.2697
2.74203979	-0.291
2.74351343	-0.3127
2.74447609	-0.342
2.74598031	-0.3703
2.75247843	-0.3931
2.75347874	-0.4129
2.75405046	-0.4273
2.75476041	-0.4419
2.75536786	-0.452
2.75599249	-0.4561
2.75662229	-0.4556
2.75712447	-0.4576
2.75768588	-0.4634
2.75821640	-0.4678
2.75955692	-0.48
2.76034802	-0.4959
2.76154036	-0.5081
2.76265286	-0.5245
2.77247833	-0.5416
2.77393265	-0.5502
2.77476385	-0.5548
2.77543989	-0.5621
2.77636052	-0.5734
2.77692692	-0.5822
2.77743072	-0.5951
2.77800244	-0.6103
2.77870703	-0.6222
2.77971515	-0.6354
2.78039005	-0.6479
2.78100322	-0.6579
2.78179114	-0.6696
2.78233036	-0.6896
2.78293166	-0.7124
2.78348239	-0.7273
2.78390302	-0.7375
2.78640317	-0.7495
2.78821260	-0.7637
2.78927473	-0.7822
2.79015208	-0.8067
2.79112161	-0.834
2.79158619	-0.8558
2.79198937	-0.867
2.79302921	-0.8702
2.79441260	-0.8721
2.79538973	-0.8733
2.79820963	-0.867
2.79902119	-0.8599
2.79959229	-0.8592
2.80106598	-0.856
2.80158682	-0.8467
2.80282484	-0.8336
2.80405723	-0.8321
2.80498546	-0.8443
2.80629864	-0.8528
2.80744562	-0.8597
2.80868838	-0.8619
2.81035322	-0.8577
2.81186317	-0.8555
2.81257427	-0.8543
2.81531734	-0.8526
2.81619911	-0.8555
2.81677515	-0.857
2.81835859	-0.8497
2.81926713	-0.8382
2.82000218	-0.8242
2.82146072	-0.8015
2.82219525	-0.77
2.82364312	-0.7368
2.82483744	-0.706
2.82658395	-0.6748
2.82729781	-0.641
2.82864583	-0.6059
2.82960437	-0.5712
2.83228682	-0.534
2.83328968	-0.4942
2.83400692	-0.4539
2.83469755	-0.4163
2.83560614	-0.3794
2.83679927	-0.3425
2.83797671	-0.3083
2.83925729	-0.2763
2.84013624	-0.2453
2.84138400	-0.2138
2.84272968	-0.1837
2.84378192	-0.1549
2.84505843	-0.127
2.84637223	-0.1029
2.85228546	-0.0835
2.85333286	-0.0672
2.85400645	-0.0525
2.85480666	-0.0391
2.85536296	-0.0271
2.85598260	-0.0178
2.85656348	-0.0117
2.85702062	-0.0073
2.85759677	-0.0037
2.85865765	-0.0002
2.85967114	0.0022
2.86085057	0.0034
2.86199067	0.0039
2.87092182	0.0032
2.87179807	0.0015
2.87231161	-0.002
2.87277775	-0.0071
2.87322525	-0.0122
2.87366109	-0.0181
2.87410624	-0.0259
2.87479963	-0.0337
2.87529354	-0.0418
2.87572552	-0.0503
2.87617958	-0.0601
2.87660124	-0.0718
2.87781135	-0.0857
2.87920567	-0.1019
2.88026166	-0.1182
2.88315723	-0.1348
2.88425755	-0.1532
2.88493499	-0.1717
2.88558900	-0.1864
2.88712338	-0.1966
2.88806958	-0.2025
2.88881677	-0.2008
2.88972932	-0.1962
2.89133703	-0.1908
2.89260057	-0.1803
2.89417947	-0.1651
2.89547453	-0.1468
2.89620520	-0.1241
2.89723338	-0.0948
2.90100598	-0.0616
2.90352400	-0.0259
2.90472984	0.0142
2.90556062	0.0579
2.90632104	0.1043
2.90708999	0.152
2.90771645	0.2165
2.90814135	0.312
2.90867166	0.3838
2.90906161	0.4102
2.91024416	0.4302
2.91138932	0.4524
2.91290317	0.4739
2.91416921	0.4903
2.91545822	0.5033
2.91641208	0.5216
2.91994479	0.5411
2.92067468	0.5543
2.92109557	0.5665
2.92147025	0.58
2.92246869	0.5941
2.92370150	0.609
2.92481244	0.623
2.92623520	0.6354
2.92727953	0.6464
2.92850296	0.6532
2.92956317	0.6581
2.93195057	0.664
2.93257880	0.6694
2.93362692	0.6723
2.93475083	0.6701
2.93592921	0.665
2.93706088	0.6562
2.93809973	0.6422
2.93956781	0.6254
2.94053593	0.6049
2.94172130	0.5787
2.94316833	0.5453
2.94417244	0.5081
2.94549864	0.469
2.94661546	0.428
2.95159291	0.3948
2.95224473	0.4307
2.95269093	0.4703
2.95323708	0.4287
2.95375343	0.3681
2.95424333	0.3239
2.95569192	0.2888
2.95695734	0.2472
2.95767255	0.2018
2.95889166	0.1554
2.96013213	0.1129
2.96153682	0.0743
2.96234567	0.0345
2.96462661	-0.6462
2.96542520	-0.6542
2.96856911	-0.6856
2.96945734	-0.6945
2.96987916	-0.6987
2.97039885	-0.7039
2.97111447	-0.7111
2.97234525	-0.7234
2.97405749	-0.7405
2.97532312	-0.7532
2.97612953	-0.7612
2.97683197	-0.7683
2.97793979	-0.7793
2.97946937	-0.7946
2.98367614	-0.8367
2.98512671	-0.8512
2.98692791	-0.8692
2.98812291	-0.8812
2.98913124	-0.8913
2.99047317	-0.9047
2.99163552	-0.9163
2.99201697	-0.9201
2.99232567	-0.9232
2.99283911	-0.9283
2.99324536	-0.9324
2.99401749	-0.9401
2.99532171	-0.9532
2.99654208	-0.9654
2.99895572	-0.9895
2.99989052	-0.9989
3.00053322	-0.0053
3.00136130	-0.0136
3.00270786	-0.0270
3.00381046	-0.0381
3.00486432	-0.0486
3.00607791	-0.0607
3.00737760	-0.0737
3.00846249	-0.0846
3.00967062	-0.0967
3.01112447	-0.1112
3.01195744	-0.1195
3.01351906	-0.1351
3.01579947	-0.1579
3.01662817	-0.1662
3.01721369	-0.1721
3.01822911	-0.1822
3.01963067	-0.1963
3.02079833	-0.2079
3.02166098	-0.2166
3.02340598	-0.2340
3.02417802	-0.2417
3.02550645	-0.2550
3.02667546	-0.2667
3.02780598	-0.2780
3.02891749	-0.2891
3.03220307	-0.3220
3.03316255	-0.3316
3.03385833	-0.3385
3.03436671	-0.3436
3.04141463	-0.4141
3.04208749	-0.4208
3.04268187	-0.4268
3.04336911	-0.4336
3.04380098	-0.4380
3.04434900	-0.4434
3.04477140	-0.4477
3.04514546	-0.4514
3.04555713	-0.4555
3.04662307	-0.4662
3.04737177	-0.4737
3.05254437	-0.5254
3.05330947	-0.5330
3.05381020	-0.5381
3.05414020	-0.5414
3.05444499	-0.5444
3.05488302	-0.5488
3.05589677	-0.5589
3.05711343	-0.5711
3.05853880	-0.5853
3.05948874	-0.5948
3.06076739	-0.6076
3.06166015	-0.6166
3.06317052	0.0423
3.07755010	0.1461
3.07813859	0.2428
3.07841729	0.3152
3.07891208	0.3608
3.07928515	0.3933
3.07963770	0.4297
3.07998083	0.4754
3.08028416	0.5286
3.08059203	0.5824
3.08089317	0.63
3.08119822	0.6652
3.08155088	0.6896
3.08187135	0.7185
3.08214208	0.7576
3.08242062	0.8045
3.09539786	0.8555
3.09712890	0.9112
3.09828239	0.9694
3.09909354	1.0353
3.10000583	1.1199
3.10072234	1.2288
3.10133354	1.3612
3.10303656	1.5264
3.10395567	1.7333
3.10459468	1.981
3.10515671	2.2734
3.10567416	2.6228
3.10618104	3.0737
3.10679984	3.6537
3.10725609	4.3736
3.10778468	5.2563
3.10822020	6.254
3.10870541	7.0758
3.10943536	7.5378
3.11001463	7.7693
3.11175713	7.8849
3.11246812	7.9428
3.11294166	7.9716
3.11340343	7.9863
3.11381890	7.9934
3.11419427	7.997
3.11473171	7.9987
3.11524343	7.9325
3.11720161	7.4833
3.11802348	6.5342
3.11893145	5.3503
3.11979515	4.1364
3.12113989	3.0036
3.12210213	2.0008
3.12345223	1.1355
3.12452208	0.3982
3.12595458	-0.215
3.12708005	-0.697
3.12822442	-0.0505
3.12945677	-0.2882
3.13203145	-0.4133
3.13290598	-0.4338
3.13353536	-0.3624
3.13468484	-0.2354
3.13561859	-0.0766
3.13703973	-0.9039
3.13798400	-0.74
3.13924546	-0.5741
3.14034421	-0.4136
3.14151791	-0.2487
3.14309052	-0.0606
3.14395052	0.1309
3.14518385	0.3169
3.14630661	0.4991
3.15124900	0.6777
3.15216171	0.8555
3.15258843	1.028
3.15309650	1.1895
3.15350104	1.3346
3.15412911	1.4609
3.15507432	1.5676
3.15610755	1.6495
3.15725692	1.7069
3.15840880	1.7438
3.15978786	1.7621
3.16090265	1.7648
3.16211775	1.7558
3.16863729	1.7308
3.16944953	1.6896
3.16993703	1.6444
3.17033906	1.605
3.17109505	1.5708
3.17162421	1.541
3.17214927	1.5161
3.17262942	1.4973
3.17306979	1.4863
3.17462739	1.4829
3.17552895	1.4865
3.17751130	1.4992
3.17914515	1.5212
3.18015510	1.552
3.18080317	1.5933
3.18136525	1.6427
3.18509281	1.6962
3.18757052	1.7538
3.18903249	1.8146
3.19002864	1.8774
3.19127833	1.9402
3.19205593	2.0005
3.19261546	2.0567
3.19326104	2.1066
3.19389718	2.1498
3.19487682	2.1896
3.19548031	2.2251
3.19613411	2.2541
3.20025619	2.279
3.20260656	2.2996
3.20359380	2.3154
3.20438833	2.3264
3.20509130	2.3352
3.20570739	2.3445
3.20628463	2.3543
3.20710104	2.3628
3.20773552	2.3687
3.20839911	2.3716
3.20956744	2.3701
3.21084072	2.3626
3.21287984	2.3477
3.21364932	2.3267
3.21680270	2.3008
3.21777770	2.2715
3.21833390	2.2404
3.21896244	2.2072
3.21959900	2.1718
3.22017744	2.1346
3.22154541	2.0946
3.22274260	2.0521
3.22388598	2.0066
3.22536249	1.9588
3.22641114	1.9116
3.22756828	1.8642
3.22860062	1.8181
3.22987317	1.7726
3.23297515	1.7277
3.23485911	1.6849
3.23574124	1.6439
3.23643552	1.6036
3.23700260	1.5649
3.23751182	1.5293
3.23838791	1.4956
3.23981140	1.4631
3.24096635	1.4318
3.24217322	1.402
3.24340723	1.3754
3.24449630	1.3507
3.24591755	1.3258
3.25197999	1.3023
3.25268307	1.2811
3.25318989	1.262
3.25354932	1.2454
3.25403562	1.2307
3.25438536	1.2193
3.25482307	1.2102
3.25539171	1.2036
3.25645312	1.1995
3.25763911	1.1971
3.25897072	1.1956
3.26020015	1.1961
3.26140255	1.1975
3.26241619	1.2007
3.26805765	1.2076
3.26858010	1.2159
3.26901395	1.2244
3.26927963	1.2347
3.26958869	1.2466
3.26980807	1.2613
3.27112453	1.2796
3.27269348	1.3002
3.27378630	1.3221
3.27474161	1.3448
3.27588166	1.369
3.27707072	1.3947
3.27833775	1.4199
3.27955260	1.4452
3.28214729	1.4709
3.28474203	1.4963
3.28654427	1.5212
3.28705072	1.5449
3.28734036	1.5669
3.28773083	1.5877
3.28816239	1.6067
3.28935015	1.6231
3.29076619	1.6378
3.29182687	1.6497
3.29309302	1.6585
3.29427359	1.6663
3.29551364	1.6734
3.29678505	1.6788
3.29954005	1.6817
3.30039734	1.6832
3.30105124	1.6839
3.30158723	1.6837
3.30304385	1.6822
3.30391244	1.6798
3.30525994	1.6766
3.30634088	1.672
3.30776010	1.6663
3.30872286	1.6593
3.30990473	1.6505
3.31136239	1.6422
3.31229203	1.6336
3.31548369	1.625
3.31615979	1.617
3.31703802	1.6087
3.31958104	1.5984
3.32016958	1.585
3.32052562	1.5715
3.32102098	1.5579
3.32197963	1.5427
3.32369322	1.5271
3.32435057	1.51
3.32569692	1.4926
3.32709020	1.4748
3.32799406	1.4557
3.32917317	1.4369
3.33235416	1.4181
3.33331234	1.4005
3.33403812	1.3832
3.33568979	1.3661
3.33634505	1.3505
3.33679953	1.3353
3.33788494	1.3207
3.33931369	1.3085
3.33999723	1.2972
3.34134166	1.2874
3.34265963	1.2799
3.34409890	1.2735
3.34509218	1.2684
3.34606645	1.2642
3.34870364	1.2611
3.34934421	1.2584
3.34979609	1.2567
3.35183677	1.2557
3.35308781	1.2554
3.35400723	1.2559
3.35542484	1.2569
3.35624364	1.2584
3.35726135	1.2591
3.35853562	1.2606
3.35974775	1.2623
3.36090406	1.264
3.36208963	1.2662
3.36332385	1.2674
3.36899614	1.2684
3.37124958	1.2698
3.37212265	1.2711
3.37338057	1.2716
3.37401697	1.2718
3.37493697	1.2745
3.37567802	1.2779
3.37638161	1.2818
3.37686864	1.2862
3.37735411	1.2916
3.37811942	1.2987
3.37867817	1.3053
3.37920895	1.3104
3.38793937	1.3182
3.38951302	1.3295
3.39117411	1.3395
3.39269130	1.349
3.39380843	1.3576
3.39495552	1.3646
3.39582145	1.3717
3.39657937	1.3778
3.39711874	1.382
3.39777666	1.3859
3.39878015	1.3895
3.39939817	1.3932
3.39975729	1.3966
3.39998182	1.3978
3.40026916	1.3971
3.40047255	1.3942
3.40088025	1.3891
3.40119312	1.3817
3.40286338	1.3722
3.40481942	1.361
3.40635343	1.3493
3.40701791	1.3378
3.40727150	1.3253
3.40787218	1.3104
3.40930781	1.2931
3.41025411	1.2767
3.41154697	1.2611
3.41279541	1.244
3.41504333	1.2271
3.41600234	1.2122
3.41648208	1.1966
3.41809067	1.1792
3.41908770	1.1619
3.42007109	1.1455
3.42113869	1.1287
3.42231562	1.1128
3.42362520	1.0981
3.42479786	1.0842
3.42634677	1.069
3.42758473	1.0539
3.42828994	1.0405
3.42943562	1.0275
3.43162062	1.0148
3.43252708	1.0016
3.43364843	0.9882
3.43466395	0.9745
3.43599197	0.9603
3.43696713	0.9462
3.43813609	0.9332
3.43943515	0.9195
3.44049427	0.9046
3.44169874	0.8902
3.44308442	0.876
3.44409161	0.8624
3.44570781	0.8482
3.44753025	0.8328
3.44809979	0.8186
3.45275973	0.8064
3.45391765	0.793
3.45445947	0.7796
3.45506614	0.7683
3.45553307	0.7566
3.45602885	0.7456
3.45650093	0.7356
3.45768671	0.7253
3.45919249	0.717
3.45997525	0.7092
3.46120302	0.6999
3.46231213	0.6909
3.46365552	0.6831
3.47119025	0.6745
3.47228583	0.6664
3.47303270	0.6594
3.47353666	0.652
3.47399859	0.6454
3.47445499	0.6398
3.47501729	0.6347
3.47543770	0.6296
3.47586067	0.623
3.47629020	0.6169
3.47698770	0.6105
3.47845411	0.6037
3.47991046	0.597
3.48059505	0.5912
3.48395885	0.5856
3.48602036	0.5797
3.48699244	0.5736
3.48774942	0.5687
3.48830135	0.5643
3.48876854	0.5592
3.48921109	0.5529
3.49017421	0.5458
3.49185812	0.5409
3.49262802	0.537
3.49403453	0.5323
3.49646187	0.5289
3.49700838	0.5252
3.49879442	0.5206
3.49973869	0.5157
3.50016703	0.512
3.50399525	0.5096
3.50453005	0.5072
3.50484869	0.5047
3.50531208	0.5035
3.50598536	0.5028
3.50702968	0.5013
3.50823557	0.4989
3.50946744	0.4957
3.51090213	0.4935
3.51239093	0.4906
3.51330265	0.4861
3.51583400	0.4813
3.51657906	0.4773
3.51752218	0.4749
3.51857848	0.4715
3.51967364	0.4668
3.52071171	0.4627
3.52177822	0.4598
3.52327348	0.4566
3.52408104	0.4544
3.52536593	0.4524
3.52656484	0.4483
3.52780062	0.4432
3.52890791	0.4371
3.53552630	0.43
3.53703317	0.4226
3.53766369	0.4165
3.53816515	0.4121
3.53899453	0.4063
3.53972682	0.4002
3.54038994	0.3955
3.54090296	0.3909
3.54137203	0.3867
3.54186244	0.384
3.54229687	0.3821
3.54380640	0.3799
3.54481968	0.377
3.54613385	0.3735
3.55596343	0.3696
3.55711130	0.3659
3.55761713	0.3635
3.55827218	0.3613
3.55886598	0.3601
3.55953744	0.3611
3.56003859	0.3635
3.56047041	0.3662
3.56108697	0.3686
3.56152463	0.3689
3.56194828	0.3686
3.56235447	0.3698
3.56290395	0.3726
3.56661734	0.376
3.56779083	0.3845
3.56834869	0.4016
3.56885807	0.4214
3.56931025	0.4378
3.56976505	0.4498
3.57021562	0.4573
3.57167890	0.462
3.57286156	0.4673
3.57404833	0.4734
3.57559713	0.4776
3.57671468	0.481
3.57733015	0.4849
3.57842234	0.4876
3.58068640	0.4901
3.58105078	0.4935
3.58312083	0.4967
3.58627229	0.5001
3.58691963	0.5042
3.58722494	0.5079
3.58743890	0.5123
3.58837312	0.5164
3.58955833	0.5206
3.59132749	0.525
3.59287072	0.5291
3.59337650	0.5343
3.59460114	0.5401
3.59577703	0.5463
3.59835078	0.5531
3.59944604	0.5607
3.59990499	0.568
3.60066583	0.576
3.60207812	0.5848
3.60322255	0.5939
3.60423156	0.6024
3.60536130	0.6122
3.60642244	0.623
3.60761729	0.6339
3.60883911	0.6464
3.60998770	0.6596
3.61146968	0.6721
3.61246192	0.6848
3.61551156	0.6975
3.61669947	0.7099
3.61933281	0.7241
3.62119921	0.7388
3.62223135	0.7534
3.62328354	0.7563
3.62397421	0.7084
3.62454119	0.6816
3.62505833	0.7197
3.62558130	0.7598
3.62715015	0.8003
3.62771791	0.8462
3.62862650	0.8922
3.63128176	0.9332
3.63182854	0.9699
3.63215229	1.0021
3.63385057	1.0302
3.63537671	1.0578
3.63614838	1.0874
3.63855609	1.1177
3.63914848	1.1484
3.63976135	1.179
3.64113536	1.2083
3.64185932	1.2352
3.64353796	1.2596
3.64427229	1.2825
3.64567999	1.3033
3.64679895	1.3231
3.65234791	1.3412
3.65385479	1.3573
3.65466499	1.3727
3.65539635	1.3866
3.65586015	1.3983
3.65647036	1.4054
3.65704307	1.4091
3.65745473	1.4111
3.65783416	1.4106
3.65928369	1.4091
3.65986953	1.4081
3.66111187	1.4059
3.66270848	1.4013
3.66496083	1.3944
3.66630109	1.3881
3.66718578	1.3817
3.66768369	1.3742
3.66871307	1.3656
3.67045249	1.3554
3.67123906	1.3441
3.67194322	1.3329
3.67323182	1.3199
3.67440275	1.3065
3.67569723	1.294
3.67678708	1.283
3.67793369	1.273
3.67935083	1.263
3.68177218	1.2515
3.68355869	1.2401
3.68412781	1.2295
3.68480437	1.219
3.68565796	1.208
3.68661583	1.1978
3.68786864	1.188
3.68893390	1.1775
3.69015145	1.1663
3.69140838	1.1548
3.69251807	1.1428
3.69372624	1.1301
3.69503661	1.1191
3.69598223	1.1091
3.69860900	1.0979
3.69972911	1.0878
3.70024937	1.0786
3.70115322	1.0678
3.70244161	1.0566
3.70381432	1.0453
3.70468114	1.0353
3.70588869	1.0258
3.70732400	1.0165
3.70813369	1.007
3.70954848	0.9984
3.71101984	0.9911
3.71183432	0.9843
3.71313234	0.9772
3.71594775	0.9694
3.71730926	0.9616
3.71799484	0.9545
3.71867203	0.9476
3.71976760	0.9413
3.72063208	0.9356
3.72201734	0.9298
3.72313109	0.9232
3.72425380	0.9156
3.72519260	0.9083
3.72701874	0.9019
3.72757203	0.8968
3.72888786	0.8934
3.73041374	0.8893
3.73189046	0.8843
3.73260817	0.8809
3.73828734	0.8777
3.74062046	0.8731
3.74134838	0.8692
3.74245734	0.866
3.74360234	0.8631
3.74422005	0.8597
3.74475442	0.8558
3.74535833	0.8506
3.74595104	0.8465
3.74747333	0.8448
3.74864692	0.8443
3.74971176	0.845
3.75167130	0.847
3.75222244	0.8489
3.75258588	0.8506
3.75290359	0.8509
3.75319890	0.8511
3.75762921	0.8533
3.75861489	0.8558
3.75901473	0.8565
3.75933718	0.8575
3.75965062	0.8599
3.76046234	0.8648
3.76154270	0.8692
3.76301567	0.8726
3.78082010	0.877
3.78571786	0.8819
3.78712062	0.8883
3.78801697	0.8951
3.78859343	0.9017
3.78909385	0.9078
3.78956468	0.9127
3.79001458	0.9178
3.79041593	0.9249
3.79119093	0.9332
3.79156328	0.9395
3.79193473	0.945
3.79226671	0.9513
3.79261583	0.9586
3.79296671	0.9662
3.79330083	0.9723
3.79365494	0.9777
3.79398291	0.9833
3.79432968	0.9899
3.79473984	0.9967
3.79507812	1.0031
3.79540697	1.0092
3.79575963	1.0155
3.79607958	1.0231
3.79664176	1.0307
3.79698015	1.0373
3.79731020	1.0426
3.79763317	1.048
3.79796911	1.0529
3.80149119	1.0561
3.80338932	1.0583
3.80420286	1.061
3.80479812	1.0632
3.80537223	1.0651
3.80590525	1.0661
3.80642916	1.0651
3.80754557	1.0634
3.80876479	1.0617
3.80980828	1.0607
3.81152999	1.0593
3.81233213	1.0566
3.81572328	1.0536
3.81731838	1.0505
3.81792333	1.0468
3.81832864	1.0424
3.81872546	1.0387
3.81996156	1.0351
3.82084343	1.0334
3.82195723	1.037
3.82328067	1.0456
3.82444473	1.05
3.82599942	1.047
3.82704781	1.0402
3.82795171	1.0297
3.82917093	1.017
3.83212213	1.0048
3.83320775	0.9928
3.83514192	0.9804
3.83577432	0.9674
3.83619572	0.9555
3.83737932	0.9457
3.83875989	0.9361
3.83937890	0.9264
3.84029859	0.9178
3.84146869	0.91
3.84269239	0.9024
3.84396041	0.8961
3.84511593	0.8914
3.84618296	0.889
3.84928114	0.8878
3.85151583	0.8883
3.85237291	0.89
3.85297755	0.8932
3.85350208	0.8973
3.85399098	0.901
3.85520182	0.9044
3.85600088	0.9085
3.85694578	0.9124
3.85806380	0.9161
3.85955109	0.9195
3.86066359	0.9229
3.86182531	0.9261
3.86319150	0.9291
3.87100051	0.9322
3.87272828	0.9359
3.87335119	0.94
3.87548822	0.9432
3.87589703	0.9454
3.87624536	0.9479
3.87653895	0.9506
3.87682838	0.9525
3.87711359	0.9537
3.87739078	0.955
3.87765406	0.9569
3.87794494	0.9591
3.87906572	0.9598
3.89353520	0.9601
3.89609494	0.9606
3.89741880	0.9623
3.89801442	0.9638
3.89879671	0.9647
3.89943609	0.9674
3.90001593	0.9701
3.90057687	0.9708
3.90108593	0.9728
3.90162124	0.9757
3.90212682	0.9786
3.90327572	0.9808
3.90396775	0.9835
3.90443031	0.9872
3.90488755	0.9913
3.90530536	0.9952
3.90572859	0.9982
3.90615192	1.0018
3.90674781	1.0063
3.90718291	1.0112
3.90762984	1.0153
3.90802593	1.0187
3.90843828	1.0241
3.90883203	1.03
3.90924854	1.0351
3.91270833	1.0397
3.91511078	1.0434
3.91571286	1.048
3.92530953	1.0536
3.92829505	1.0593
3.92873051	1.0649
3.92909348	1.0693
3.92942541	1.0725
3.92975921	1.0754
3.93006531	1.0788
3.93038088	1.0815
3.93096593	1.0839
3.93127453	1.0878
3.93155520	1.0908
3.93188676	1.0927
3.93220494	1.0949
3.93255562	1.0971
3.93286874	1.0998
3.93315749	1.1013
3.93361171	1.1027
3.93508223	1.1045
3.93592999	1.1049
3.93711234	1.1047
3.93825765	1.1045
3.93960551	1.1042
3.94056453	1.1045
3.94165140	1.1049
3.94290619	1.1057
3.94415338	1.1057
3.94543187	1.1054
3.95000083	1.104
3.95245447	1.1023
3.95321041	1.0998
3.95403140	1.0976
3.95476364	1.0962
3.95527244	1.0927
3.95565900	1.0893
3.95612656	1.0874
3.95649999	1.0861
3.95754015	1.0832
3.95910260	1.0803
3.95991880	1.0786
3.96147046	1.0769
3.96242775	1.0744
3.96745150	1.0717
3.96853005	1.0686
3.96896822	1.0661
3.96932416	1.0651
3.96967921	1.0642
3.96998525	1.0625
3.97116468	1.0605
3.97251645	1.0573
3.97373739	1.0534
3.97455656	1.0505
3.97561343	1.0485
3.97686051	1.0468
3.97806786	1.0448
3.97923937	1.0422
3.98195713	1.0392
3.98420400	1.0368
3.98468270	1.0353
3.98504390	1.0341
3.98678635	1.0329
3.98731390	1.0307
3.98798546	1.0282
3.98914999	1.0263
3.99052614	1.0246
3.99187551	1.0231
3.99295223	1.0229
3.99397609	1.0229
3.99538682	1.0221
3.99659619	1.0212
3.99917447	1.0204
4.00025994	1.0199
4.00312583	1.019
4.00376609	1.0175
4.00424801	1.0168
4.00485640	1.017
4.00693640	1.0175
4.00752812	1.0175
4.00790791	1.0185
4.00885192	1.019
4.01003979	1.0182
4.01130499	1.0185
4.01231312	1.0185
4.01518640	1.0187
4.01717281	1.0187
4.01778598	1.0175
4.01825057	1.0168
4.01900682	1.016
4.01951400	1.0163
4.02092322	1.0173
4.02206729	1.0182
4.02321104	1.0185
4.02421979	1.0185
4.02558890	1.0195
4.02690166	1.0199
4.02797416	1.0207
4.02902463	1.0212
4.03197546	1.0207
4.03325453	1.0207
4.03390708	1.0207
4.03442364	1.0204
4.03594494	1.0214
4.03664093	1.0236
4.03755880	1.0243
4.03904614	1.0234
4.03996906	1.0229
4.04105426	1.0224
4.04221062	1.0212
4.04373650	1.0219
4.04477192	1.0236
4.04597801	1.0246
4.04836473	1.0253
4.04952546	1.026
4.05729911	1.027
4.05809255	1.0292
4.05872124	1.0321
4.05920666	1.0363
4.05968104	1.0402
4.06013718	1.0402
4.06058078	1.0378
4.06104942	1.037
4.06149911	1.0385
4.06196348	1.0395
4.06238916	1.0417
4.06854953	1.0434
4.06983192	1.0441
4.07038296	1.0456
4.07091854	1.0468
4.07118885	1.0497
4.07146494	1.0551
4.07171338	1.0617
4.07196114	1.0671
4.07292838	1.0681
4.07389984	1.0673
4.07534343	1.0683
4.07631046	1.0705
4.07745781	1.0722
4.07908400	1.0717
4.09020531	1.07
4.09127416	1.0717
4.09164734	1.0766
4.09200416	1.0822
4.09233583	1.0866
4.09265505	1.0888
4.09295953	1.0903
4.09326781	1.0915
4.09357338	1.0915
4.09386531	1.0918
4.09414239	1.0922
4.09443869	1.0937
4.09477947	1.0949
4.09568296	1.0944
4.10004906	1.0915
4.10107411	1.0883
4.10144468	1.0859
4.10174229	1.0839
4.10202671	1.083
4.10311156	1.083
4.10416536	1.0822
4.10539994	1.0808
4.10653057	1.0813
4.10772041	1.0822
4.10898088	1.0822
4.11021374	1.0835
4.11167973	1.0832
4.11256270	1.0827
4.11468557	1.0822
4.11669854	1.08
4.11785578	1.0771
4.11824098	1.073
4.11926874	1.07
4.12030354	1.0686
4.12147874	1.0661
4.12260838	1.0644
4.12377093	1.0627
4.12451807	1.0598
4.12595145	1.0566
4.12701447	1.0546
4.12805718	1.0517
4.12925166	1.0478
4.13087140	1.0448
4.13213057	1.0402
4.13320270	1.0353
4.13423338	1.0317
4.13565562	1.0278
4.13674343	1.0248
4.13792031	1.0221
4.13919031	1.0204
4.14026312	1.0197
4.14145854	1.0173
4.14290203	1.0114
4.14398911	1.0046
4.14519926	1.0004
4.15014916	0.9967
4.15152838	0.9926
4.15198833	0.9894
4.15240525	0.9865
4.15281130	0.9838
4.15324989	0.9823
4.15485708	0.9818
4.15605906	0.9789
4.15674984	0.9728
4.15725635	0.9659
4.15882958	0.9613
4.15975994	0.9584
4.16090463	0.9542
4.16211734	0.9491
4.16775301	0.9437
4.16876057	0.9366
4.16919723	0.9295
4.16957234	0.9251
4.16996265	0.9225
4.17031291	0.9203
4.17194578	0.9203
4.17264557	0.9205
4.17350208	0.9173
4.17489229	0.9124
4.17593859	0.9083
4.17691218	0.9051
4.17809718	0.9019
4.17944494	0.8998
4.18132499	0.8971
4.18320286	0.8949
4.18389390	0.8941
4.18524109	0.8944
4.18608124	0.8968
4.18670567	0.8988
4.18759854	0.8973
4.18882906	0.8944
4.19002150	0.8912
4.19114885	0.8893
4.19289932	0.8885
4.19357697	0.8875
4.19486593	0.887
4.19596020	0.8873
4.19823229	0.8875
4.19991551	0.8878
4.20031900	0.8883
4.20105145	0.8878
4.20231765	0.8873
4.20344453	0.8883
4.20458484	0.8893
4.20580176	0.89
4.20699442	0.8902
4.20823739	0.89
4.20938484	0.8897
4.21065833	0.8897
4.21182713	0.8902
4.21340994	0.8902
4.21617442	0.8897
4.21742192	0.8897
4.21796041	0.8907
4.21862880	0.8924
4.22050385	0.8934
4.22118989	0.8944
4.22258031	0.8968
4.22317411	0.9
4.22389921	0.9022
4.22516411	0.9037
4.22640197	0.9056
4.22782916	0.9095
4.22889744	0.9129
4.23195510	0.9132
4.23330161	0.9095
4.23382760	0.9056
4.23430083	0.9046
4.23544489	0.9054
4.23623505	0.9076
4.23755333	0.9112
4.23869119	0.9151
4.23979135	0.9176
4.24098671	0.9186
4.24201176	0.9195
4.24354364	0.922
4.24461775	0.9247
4.24581453	0.9259
4.24821947	0.9229
4.2493188	0.92
4.24986453	0.92
4.25118734	0.9215
4.25194546	0.9237
4.25403124	0.9278
4.25486176	0.933
4.25547312	0.9366
4.25681718	0.9393
4.25779479	0.943
4.25950588	0.9471
4.26023786	0.9508
4.26170994	0.9533
4.26298005	0.9547
4.26878067	0.9572
4.27000114	0.9584
4.27068171	0.9596
4.27120749	0.9618
4.27167744	0.9633
4.27214661	0.9645
4.27393786	0.9657
4.27466249	0.9681
4.27512447	0.9708
4.27555890	0.9738
4.27610072	0.9784
4.27754723	0.9811
4.27844572	0.984
4.27990359	0.9874
4.29082317	0.9896
4.29327588	0.9918
4.29405426	0.9948
4.29558067	0.9972
4.29700734	0.9992
4.29770406	1.0026
4.29819546	1.0055
4.29907072	1.007
4.30071051	1.0087
4.30157223	1.0109
4.30228598	1.0119
4.30315656	1.0112
4.30372025	1.0107
4.30414124	1.0114
4.30447328	1.0097
4.30488078	1.0068
4.30521223	1.0043
4.30555676	1.0016
4.30597812	0.9989
4.30630984	0.9957
4.30676854	0.9916
4.30722812	0.9887
4.30759859	0.9869
4.31045479	0.984
4.31208937	0.9821
4.31267286	0.9806
4.31316291	0.9782
4.31352088	0.9757
4.32236656	0.975
4.3247438	0.974
4.32511093	0.9725
4.32539098	0.9718
4.32569604	0.9713
4.32594791	0.9706
4.32623593	0.9699
4.32654510	0.9696
4.32686067	0.9691
4.32713124	0.9679
4.32739843	0.9677
4.32817275	0.9686
4.32916463	0.9701
4.33230390	0.9718
4.33437968	0.973
4.33575505	0.974
4.33642749	0.9738
4.33696140	0.9735
4.33735041	0.9755
4.33773697	0.9786
4.33903197	0.9801
4.34014296	0.9804
4.34142973	0.9808
4.34254963	0.9823
4.34382744	0.9845
4.34495244	0.9867
4.34644640	0.9891
4.35481291	0.9906
4.35572244	0.9921
4.35606406	0.994
4.35633473	0.9948
4.35705203	0.996
4.35735229	0.9977
4.3576138	0.9984
4.35785755	0.9992
4.35810015	0.9999
4.36099265	1.0004
4.36147900	1.0018
4.36174791	1.0028
4.36198979	1.0033
4.37864994	1.0036
4.38150489	1.0038
4.38215312	1.0053
4.38307447	1.0055
4.38384645	1.0046
4.38443541	1.0036
4.38497176	1.0041
4.38544218	1.0043
4.38594010	1.0024
4.38639343	1.0011
4.38690708	1.0009
4.38733411	1.0001
4.38772145	0.9994
4.38820447	0.9989
4.38855515	0.9982
4.38889051	0.9967
4.38929249	0.996
4.38995770	0.995
4.39029385	0.994
4.39073729	0.9933
4.39108234	0.9926
4.39139416	0.9921
4.39171182	0.9913
4.39202807	0.9894
4.3923288	0.9882
4.39331135	0.9879
4.39472734	0.9865
4.39573968	0.984
4.39815458	0.9811
4.40060369	0.9784
4.40128708	0.9762
4.40212359	0.9735
4.40423473	0.9703
4.40477994	0.9669
4.40527359	0.964
4.40593968	0.9618
4.40688197	0.9598
4.40804890	0.9576
4.40930906	0.955
4.41019557	0.9528
4.41150359	0.9508
4.41270963	0.9489
4.41662749	0.9464
4.41767567	0.9447
4.41827348	0.9435
4.41876786	0.9415
4.4196813	0.9395
4.42054249	0.9383
4.42140244	0.9374
4.42257234	0.9366
4.42390046	0.9359
4.4249713	0.9352
4.42655859	0.9334
4.4278788	0.9317
4.42856973	0.9317
4.43182619	0.932
4.43300025	0.9325
4.43346447	0.9332
4.43387822	0.9339
4.43506885	0.9354
4.43706770	0.9369
4.43808515	0.9371
4.43874301	0.9369
4.43981900	0.9374
4.44086859	0.9395
4.44221093	0.942
4.44343432	0.9435
4.44471926	0.9444
4.44590359	0.9457
4.45062900	0.9476
4.45410166	0.9501
4.45516505	0.9523
4.45574656	0.9535
4.45625187	0.9557
4.45669119	0.9586
4.45710984	0.9606
4.45751192	0.962
4.45791963	0.9642
4.45828953	0.9667
4.45883338	0.9686
4.4600588	0.9708
4.46115025	0.9728
4.46247567	0.974
4.47097197	0.9743
4.47320447	0.9747
4.47376937	0.975
4.47428749	0.9757
4.47573755	0.9764
4.47608713	0.9769
4.47638895	0.9772
4.47667479	0.9777
4.47711807	0.9769
4.47736239	0.9772
4.47763682	0.9777
4.47805546	0.9772
4.47840583	0.9769
4.47968104	0.9764
4.49014218	0.9752
4.49163869	0.9743
4.49222124	0.9733
4.49273489	0.9723
4.49319619	0.9716
4.49364364	0.9703
4.49430676	0.9689
4.49491687	0.9684
4.49527682	0.9677
4.49564510	0.9677
4.49595281	0.9679
4.49648020	0.9672
4.49685104	0.9662
4.49720453	0.9652
4.49903718	0.9638
4.50004770	0.9613
4.50053328	0.9589
4.50184453	0.9564
4.50313505	0.9552
4.5037313	0.9557
4.50496744	0.9552
4.5062213	0.9545
4.50733703	0.9528
4.50861182	0.9491
4.50989906	0.9462
4.51119525	0.9442
4.51253260	0.942
4.51404437	0.9403
4.51526192	0.9388
4.51676098	0.9376
4.5180413	0.9347
4.51858604	0.9317
4.51961781	0.9293
4.52065010	0.9266
4.52179781	0.9244
4.52321166	0.922
4.52416786	0.92
4.52570749	0.9183
4.52658979	0.9164
4.52777374	0.9142
4.52896578	0.9117
4.53155718	0.9095
4.53265291	0.9071
4.53317286	0.9046
4.5341413	0.9041
4.53630359	0.9054
4.53747348	0.9046
4.53801687	0.9032
4.53873510	0.9027
4.53995546	0.9029
4.54112479	0.9034
4.54272531	0.9044
4.54366604	0.9066
4.54481270	0.9088
4.54594838	0.9102
4.55013723	0.9124
4.55250208	0.9149
4.55309453	0.9168
4.55354062	0.9181
4.55395671	0.9205
4.55431890	0.9232
4.55481604	0.9249
4.55573718	0.9273
4.5571038	0.93
4.55825218	0.9322
4.55940510	0.9344
4.56050890	0.9366
4.56159807	0.9383
4.56312775	0.941
4.56433093	0.9442
4.57211328	0.9464
4.57385557	0.9474
4.57442109	0.9484
4.57635135	0.9503
4.57673281	0.952
4.57702312	0.953
4.57733010	0.9545
4.57760713	0.9557
4.57788640	0.9562
4.57814223	0.9576
4.57841885	0.9601
4.57906416	0.9625
4.59322385	0.964
4.59494374	0.9652
4.59549640	0.9662
4.59596676	0.9667
4.59639010	0.9681
4.59684760	0.9691
4.59724947	0.9691
4.59765749	0.9684
4.59806359	0.9681
4.59845885	0.9684
4.59893036	0.9674
4.59936203	0.9662
4.60068192	0.9655
4.60112770	0.9647
4.60151807	0.963
4.60188572	0.962
4.60223775	0.9625
4.60276156	0.9623
4.60312447	0.9611
4.60351296	0.9596
4.6061738	0.9596
4.60765755	0.9603
4.60811333	0.9608
4.60846515	0.9603
4.60902015	0.9601
4.61022442	0.9596
4.61149437	0.9596
4.61533171	0.9603
4.61766145	0.9613
4.61797796	0.9628
4.61823916	0.9642
4.6184788	0.965
4.61879484	0.9659
4.62064713	0.9677
4.62145515	0.9691
4.62230598	0.9713
4.62351041	0.9738
4.62467979	0.9767
4.62606296	0.9799
4.62733796	0.9818
4.62826687	0.9835
4.63128307	0.984
4.63232656	0.9852
4.63283937	0.9874
4.63372604	0.9894
4.63489020	0.9904
4.63592229	0.9921
4.63682083	0.9943
4.63792947	0.9955
4.63952104	0.997
4.64035791	1.0001
4.64154395	1.0041
4.64301755	1.0063
4.64414036	1.0053
4.64541958	1.0041
4.64868598	1.0036
4.65240458	1.0009
4.65345807	0.9977
4.65416020	0.9972
4.6550788	0.9974
4.65578953	0.9974
4.65627296	0.9972
4.65672229	0.9967
4.65729145	0.9955
4.65775400	0.9938
4.65846176	0.9911
4.65981609	0.9882
4.66097176	0.9857
4.66222109	0.9818
4.67162968	0.9782
4.67397583	0.975
4.67489072	0.9713
4.67668098	0.9684
4.67707057	0.9652
4.67736135	0.9611
4.67766520	0.9576
4.67795666	0.9564
4.67822890	0.954
4.67869479	0.9498
4.67900025	0.9467
4.67934166	0.9452
4.67967328	0.9427
4.67995484	0.9405
4.68200760	0.9391
4.68336953	0.9374
4.68386051	0.9359
4.68423145	0.9344
4.68581156	0.9337
4.68678921	0.933
4.68796791	0.9317
4.68894604	0.9305
4.69000775	0.9293
4.69132656	0.9288
4.69262520	0.9291
4.69395885	0.9291
4.69515619	0.9291
4.69769906	0.9291
4.69866338	0.9288
4.69933494	0.9295
4.70074150	0.9308
4.70146937	0.933
4.70295749	0.9352
4.70368281	0.9352
4.70460432	0.9356
4.70586119	0.9374
4.70741588	0.9388
4.70844921	0.9393
4.70969161	0.9374
4.71127255	0.9354
4.71218713	0.9354
4.71562432	0.9359
4.71709760	0.9388
4.71987072	0.9432
4.72051619	0.9469
4.72093812	0.9496
4.72134275	0.9525
4.72171255	0.9552
4.72209442	0.9581
4.72349833	0.9603
4.72445296	0.9616
4.72632223	0.9616
4.72725088	0.9616
4.72770567	0.9616
4.72883541	0.9613
4.73149015	0.9586
4.73263812	0.955
4.73319395	0.952
4.73415718	0.9508
4.73540317	0.9508
4.73683093	0.9528
4.73748885	0.9564
4.73861463	0.9606
4.73978775	0.9642
4.74102656	0.9684
4.74243973	0.9713
4.74352942	0.973
4.74470322	0.9733
4.74600723	0.9735
4.74900796	0.9747
4.75081895	0.9743
4.75152520	0.9735
4.75258765	0.9735
4.75305833	0.9738
4.75352458	0.9745
4.75446010	0.9752
4.75567572	0.9755
4.75666192	0.975
4.75784114	0.9745
4.75932577	0.9735
4.76041489	0.9725
4.76173911	0.9721
4.76339202	0.9713
4.76954848	0.9708
4.77101942	0.9706
4.77155088	0.9689
4.77200744	0.9677
4.77244827	0.9677
4.77288859	0.9662
4.77564135	0.965
4.77634760	0.9657
4.77680406	0.965
4.77719588	0.9628
4.77765822	0.9608
4.77808057	0.9596
4.77860734	0.9591
4.79330968	0.9581
4.79695473	0.9569
4.79803801	0.9557
4.79928786	0.9547
4.80009411	0.953
4.80060083	0.9518
4.80206176	0.9511
4.80327744	0.9501
4.80381135	0.9484
4.80423015	0.9459
4.80462229	0.9437
4.80496473	0.9422
4.80531755	0.9422
4.8056613	0.9425
4.80600031	0.9417
4.80634781	0.9408
4.80702916	0.9388
4.80738364	0.9374
4.80771546	0.9371
4.80801614	0.9374
4.80832098	0.9374
4.80863176	0.9366
4.80893895	0.9364
4.80925531	0.9359
4.80956531	0.9356
4.80987937	0.9361
4.81283458	0.9364
4.81572260	0.9369
4.81634036	0.9371
4.81670812	0.9374
4.81702400	0.9378
4.81732848	0.9393
4.81877968	0.941
4.81974994	0.9417
4.82092640	0.9425
4.82197702	0.9439
4.82334494	0.9457
4.82439176	0.9467
4.82587036	0.9476
4.82715713	0.9484
4.82803713	0.9496
4.82927046	0.9513
4.83152239	0.9528
4.83254859	0.9542
4.83336005	0.9552
4.83638197	0.9562
4.83709473	0.9564
4.83808051	0.9562
4.83858926	0.9567
4.83933593	0.9564
4.84048551	0.9567
4.84166676	0.9574
4.84285036	0.9574
4.84519729	0.9579
4.84567932	0.9581
4.84627301	0.9591
4.84828682	0.9598
4.84920255	0.9603
4.85017234	0.962
4.85183723	0.9645
4.85239286	0.9672
4.85363614	0.9686
4.85470822	0.9691
4.85596515	0.9696
4.85712364	0.9706
4.85829322	0.9721
4.85964291	0.9728
4.86086385	0.9745
4.86204223	0.9767
4.86783296	0.9791
4.86887916	0.9813
4.86938385	0.9826
4.86988416	0.9835
4.87032286	0.9845
4.87094176	0.9857
4.87141588	0.9869
4.87184734	0.9884
4.87301416	0.9906
4.87420577	0.9931
4.87559244	0.9957
4.87661312	0.9992
4.87777760	1.0018
4.87940947	1.005
4.88536598	1.0092
4.88636843	1.0129
4.88693281	1.0173
4.88737822	1.0214
4.88779968	1.0246
4.88819723	1.0275
4.88860426	1.0302
4.88904301	1.0307
4.89017827	1.0302
4.89131661	1.0309
4.89255859	1.0321
4.89359926	1.0317
4.89489510	1.0307
4.89610249	1.0292
4.89840468	1.0282
4.89957239	1.0278
4.90033062	1.0258
4.90091577	1.0231
4.90218088	1.0202
4.90334046	1.017
4.90444411	1.0146
4.90582176	1.0107
4.90714421	1.0063
4.90815005	1.0026
4.90942473	0.9984
4.91070265	0.9938
4.91177515	0.9896
4.91306463	0.9855
4.91549671	0.9811
4.91661484	0.9767
4.91715979	0.9728
4.91808989	0.9689
4.92026473	0.9642
4.92091567	0.9601
4.92146817	0.9562
4.92267400	0.9515
4.92385994	0.9481
4.92502176	0.9444
4.92627051	0.9403
4.92744291	0.9361
4.92865900	0.9315
4.93185208	0.9271
4.93304171	0.9242
4.93360234	0.9215
4.93410072	0.9198
4.93581921	0.9186
4.93722140	0.9171
4.93803989	0.9156
4.93874182	0.9149
4.93953255	0.9132
4.94069911	0.9124
4.94220906	0.9134
4.94359484	0.9142
4.94457541	0.9142
4.94610859	0.9139
4.94722546	0.9134
4.94814390	0.9142
4.95267499	0.9161
4.95365557	0.9178
4.95404499	0.9205
4.95458067	0.9227
4.95492291	0.9244
4.95543416	0.9256
4.95653083	0.9269
4.95784567	0.9295
4.95908661	0.9317
4.96011994	0.9342
4.9612638	0.9376
4.96255614	0.9417
4.96643265	0.9479
4.96741656	0.9533
4.96776864	0.9572
4.9680988	0.9611
4.96912249	0.963
4.97007968	0.9655
4.97142895	0.9689
4.97246432	0.9708
4.97351723	0.9721
4.97477588	0.9728
4.97601447	0.974
4.97709760	0.9757
4.9789838	0.9772
4.98366661	0.9784
4.98455765	0.9782
4.98493239	0.9777
4.98526218	0.9774
4.98555890	0.9772
4.98654041	0.9774
4.98730697	0.9772
4.98822385	0.9772
4.98978854	0.9779
4.99121650	0.9779
4.99229812	0.9777
4.99349025	0.9777
4.99441395	0.9782
4.99581645	0.9782
4.99724520	0.9779
4.99843702	0.9786
4.99921515	0.9791
5.00053536	0.9796
5.00162150	0.9804
5.00285114	0.9813
5.00408807	0.9828
5.00513546	0.9833
5.00647395	0.9838
5.00752947	0.9852
5.00872588	0.9857
5.00970031	0.9857
5.01110494	0.9869
5.01229984	0.9887
5.01501619	0.9896
5.01621140	0.9901
5.01666463	0.9906
5.01708114	0.9931
5.01873572	0.9962
5.02014343	0.9984
5.02070473	0.9992
5.02203458	0.9994
5.02359942	1.0004
5.02437645	1.0009
5.02584697	1.0016
5.02678755	1.0036
5.02792624	1.0058
5.02916557	1.0077
5.03128958	1.0087
5.03229979	1.0085
5.03297598	1.0085
5.03432317	1.0082
5.03569359	1.0065
5.03643312	1.0041
5.03773218	1.0011
5.03910343	0.9974
5.04008567	0.9945
5.04116348	0.9916
5.04241577	0.9877
5.04382536	0.9843
5.04475031	0.9808
5.04616791	0.9774
5.04904968	0.9743
5.05024255	0.9711
5.05092859	0.9681
5.05191718	0.9647
5.05267921	0.9613
5.05367640	0.9579
5.05511192	0.9535
5.05580968	0.9491
5.05701900	0.945
5.05826218	0.9415
5.05964463	0.9393
5.06064645	0.9371
5.06190124	0.9349
5.06841051	0.9325
5.06971317	0.9303
5.07030640	0.9286
5.07105301	0.9271
5.07158083	0.9271
5.07210239	0.9276
5.07257104	0.9286
5.07303520	0.9298
5.07345963	0.93
5.08122291	0.9303
5.08198150	0.931
5.0825738	0.9315
5.08311744	0.9312
5.08423609	0.9303
5.08474729	0.9308
5.08521463	0.93
5.08564598	0.9288
5.08609682	0.9286
5.08660166	0.9283
5.08707708	0.9276
5.08757406	0.9269
5.09150593	0.9269
5.09258734	0.9281
5.09308166	0.9308
5.09341484	0.9337
5.09380239	0.9359
5.09504979	0.9381
5.09595218	0.9413
5.10145072	0.9442
5.10286098	0.9469
5.10335041	0.9498
5.10364822	0.9533
5.10395098	0.9564
5.10420322	0.9594
5.10447192	0.9625
5.10578510	0.9657
5.10677260	0.9684
5.10786989	0.9706
5.10934906	0.9725
5.11028885	0.9755
5.11196859	0.9782
5.11529104	0.9794
5.11621187	0.9806
5.11660432	0.9821
5.11690473	0.9828
5.11805833	0.9845
5.11941098	0.9865
5.12027702	0.9874
5.12199400	0.9884
5.12305067	0.9894
5.12362031	0.9896
5.12486770	0.9894
5.12621307	0.9899
5.12724010	0.9901
5.12836452	0.9901
5.13236984	0.9906
5.13339869	0.9906
5.1337863	0.9899
5.13412760	0.9889
5.13640906	0.9877
5.13754781	0.9857
5.13805255	0.9833
5.13927885	0.9804
5.13983614	0.9784
5.14054104	0.9772
5.14158244	0.975
5.14320046	0.973
5.14413895	0.9706
5.14541197	0.9674
5.14933963	0.9642
5.15156546	0.9611
5.15233827	0.9584
5.15299911	0.9555
5.15361473	0.9523
5.15417697	0.9498
5.15477807	0.9471
5.15595489	0.9444
5.15668062	0.9425
5.15740348	0.9403
5.15865536	0.9383
5.15988994	0.9381
5.16099338	0.9403
5.16231208	0.9476
5.16367645	0.9591
5.17224057	0.9718
5.17415723	0.9838
5.17496265	0.9916
5.17621036	0.9921
5.17846702	0.9874
5.17890822	0.9818
5.17921827	0.9745
5.17949932	0.9662
5.17974822	0.9574
5.17997869	0.9498
5.18023817	0.9439
5.18047848	0.9383
5.18071473	0.9347
5.18096635	0.9322
5.19379499	0.9312
5.19684781	0.9327
5.19776338	0.9337
5.19833239	0.9359
5.19917848	0.9386
5.19980854	0.9417
5.20036786	0.9459
5.20111145	0.9491
5.20160192	0.9528
5.20219734	0.9574
5.20295249	0.9611
5.20369817	0.9645
5.20430109	0.9691
5.20479109	0.9738
5.20523447	0.9774
5.20620916	0.9791
5.20741551	0.9818
5.20802124	0.9828
5.20877760	0.9818
5.20933895	0.9813
5.20982400	0.9799
5.21037515	0.9782
5.21106624	0.9774
5.21170020	0.9782
5.21235900	0.9794
5.21283827	0.9816
5.21326843	0.984
5.21740765	0.9857
5.21985562	0.9889
5.22106072	0.9933
5.22185083	0.9982
5.22231817	1.0031
5.22313270	1.0077
5.22367265	1.0126
5.22407916	1.0175
5.22449682	1.0212
5.22590874	1.0229
5.22702781	1.0229
5.22817400	1.0216
5.22913036	1.019
5.23245322	1.0158
5.23426104	1.0136
5.23502223	1.0119
5.23571791	1.0099
5.23602291	1.0085
5.23652921	1.006
5.23760312	1.0031
5.23890156	1.0011
5.23995656	0.9992
5.24113364	0.9945
5.24272786	0.9889
5.24361223	0.9835
5.24473301	0.9784
5.24598327	0.9743
5.24788338	0.9711
5.24880656	0.9686
5.25032145	0.9669
5.25135093	0.9657
5.25226104	0.9633
5.25375635	0.9603
5.25474275	0.9567
5.25588426	0.9523
5.25706916	0.9489
5.25823843	0.9454
5.25955249	0.9422
5.26106494	0.9405
5.26340432	0.9398
5.26493531	0.9398
5.26575656	0.941
5.26679119	0.9425
5.26803708	0.9435
5.26901307	0.9444
5.26995755	0.9469
5.27120333	0.9498
5.27208333	0.9525
5.27293515	0.9547
5.27409062	0.9557
5.27527083	0.9572
5.28523749	0.9596
5.28738135	0.9613
5.28811869	0.9623
5.28866098	0.965
5.28918963	0.9677
5.28973249	0.9686
5.29013833	0.9708
5.29078984	0.9743
5.29135077	0.9764
5.29163447	0.9772
5.29191947	0.9782
5.29224708	0.9799
5.29254307	0.9811
5.29282515	0.9823
5.29334031	0.984
5.2952488	0.9852
5.29588432	0.9874
5.30376426	0.9896
5.30490447	0.9913
5.30530020	0.9931
5.30555489	0.9945
5.30586057	0.9962
5.30613098	0.9967
5.30653020	0.9972
5.30679286	0.9984
5.30703301	0.997
5.30845452	0.9945
5.30960442	0.9938
5.31044223	0.9955
5.31171697	0.9972
5.31297895	0.997
5.31551484	0.996
5.31630916	0.995
5.31659104	0.9931
5.31759859	0.9901
5.31869968	0.9874
5.31979077	0.984
5.32090150	0.9806
5.32206359	0.9774
5.32349505	0.974
5.32455864	0.9699
5.32580124	0.9652
5.32702119	0.9608
5.32810327	0.9567
5.32928791	0.9515
5.33121682	0.9464
5.33198874	0.9437
5.33327202	0.9413
5.33461197	0.9374
5.33552338	0.9347
5.33667036	0.9342
5.33790895	0.9332
5.33914426	0.9315
5.34033692	0.9308
5.34150505	0.9312
5.34317275	0.932
5.34400218	0.9332
5.34513286	0.9349
5.34766567	0.9366
5.34856234	0.9383
5.34904176	0.9403
5.35134286	0.943
5.35217749	0.9457
5.35290723	0.9491
5.35399864	0.9535
5.35499963	0.9579
5.35607984	0.9611
5.35716833	0.9645
5.35841244	0.9689
5.35968385	0.9735
5.36082218	0.9774
5.36205223	0.9806
5.36834807	0.985
5.36967697	0.9901
5.37025635	0.994
5.37094421	0.997
5.37142682	0.9999
5.37186171	1.0028
5.37231546	1.0053
5.37273161	1.0075
5.37328479	1.0085
5.37469676	1.0087
5.37566942	1.009
5.37677395	1.0092
5.37788062	1.009
5.37924338	1.008
5.39319994	1.0063
5.39702218	1.0058
5.39823098	1.0065
5.40089713	1.0063
5.40154046	1.0038
5.40224687	1.0009
5.40299364	0.9992
5.40351874	0.9982
5.40394979	0.9962
5.40451083	0.9938
5.40494650	0.9918
5.40544515	0.9901
5.40585421	0.9884
5.40627473	0.9874
5.40696031	0.986
5.40739739	0.985
5.40789421	0.9843
5.40849572	0.9826
5.40909734	0.9813
5.40951874	0.9818
5.40994713	0.9818
5.41046057	0.9806
5.41113572	0.9804
5.41182916	0.9799
5.41236416	0.9786
5.41277156	0.9777
5.41311182	0.9767
5.41342796	0.9777
5.41680406	0.9784
5.41779624	0.9779
5.41817234	0.9789
5.41847541	0.9796
5.41934692	0.9796
5.42042161	0.9811
5.42152093	0.9828
5.42272968	0.9838
5.42386921	0.9857
5.42542551	0.9879
5.42636119	0.9896
5.42758567	0.9906
5.42868239	0.9909
5.43079796	0.9923
5.43171760	0.9926
5.43262926	0.9923
5.43376213	0.9918
5.43508374	0.9909
5.43626244	0.9894
5.43744218	0.9887
5.43866010	0.9877
5.43984640	0.9862
5.44102432	0.9857
5.44224801	0.9848
5.44352218	0.9823
5.44442536	0.9808
5.44584859	0.9799
5.44819348	0.9789
5.44913333	0.9774
5.44955999	0.9764
5.45099187	0.9762
5.45267963	0.9767
5.45355411	0.9772
5.45411635	0.9767
5.45552604	0.9772
5.45680505	0.9774
5.45777619	0.9774
5.45917510	0.9782
5.46028348	0.9794
5.46147400	0.9796
5.46684848	0.9789
5.46781854	0.9791
5.46835411	0.9796
5.46885947	0.9791
5.46932067	0.9789
5.46973640	0.9789
5.47018187	0.9786
5.47138218	0.9782
5.47234687	0.9767
5.47349822	0.9752
5.47492593	0.9747
5.47597874	0.9733
5.47735083	0.9728
5.47841702	0.9733
5.48166171	0.9733
5.48274739	0.9733
5.48326270	0.9738
5.48373411	0.974
5.48473317	0.975
5.4858188	0.9764
5.48697265	0.9774
5.48807994	0.9772
5.48966468	0.9777
5.49112671	0.9786
5.49180114	0.9794
5.49307249	0.9801
5.49424275	0.9801
5.49587484	0.9806
5.49714114	0.9806
5.50173895	0.9808
5.50267218	0.9806
5.50308046	0.9796
5.50339926	0.9796
5.50366744	0.9794
5.50390994	0.9777
5.50502989	0.9762
5.50620083	0.975
5.50746400	0.974
5.50887723	0.973
5.50979229	0.9723
5.51110359	0.9706
5.51222432	0.9691
5.51395958	0.9679
5.51590093	0.9662
5.51640729	0.9642
5.51766041	0.963
5.51936411	0.9611
5.51995025	0.9584
5.52129979	0.9542
5.52237838	0.9474
5.52358635	0.9386
5.5247063	0.9298
5.52624077	0.9205
5.52800895	0.9129
5.52855369	0.9068
5.53062713	0.9012
5.53145854	0.8978
5.53226270	0.898
5.5332563	0.9005
5.53493369	0.9049
5.53585354	0.9095
5.53662963	0.9151
5.53808281	0.9227
5.53914874	0.9295
5.54024510	0.9359
5.54114489	0.9417
5.54237426	0.9467
5.54374921	0.9513
5.54483708	0.9564
5.54949395	0.9616
5.55090197	0.9667
5.55146781	0.9728
5.55191208	0.9784
5.55230057	0.9833
5.55266327	0.9891
5.55349744	0.9948
5.55486687	0.9989
5.55596624	1.0021
5.55708286	1.0058
5.55822484	1.0102
5.55956551	1.0155
5.56059760	1.0197
5.56179786	1.0231
5.56350885	1.0268
5.57280770	1.028
5.57417744	1.0278
5.57507744	1.026
5.57554551	1.0236
5.57614510	1.0221
5.57651963	1.0221
5.57692447	1.0221
5.57737895	1.0202
5.57774723	1.0185
5.57808911	1.0175
5.57869682	1.0165
5.57909057	1.0143
5.57953270	1.0116
5.58004900	1.0085
5.58933281	1.0046
5.59186484	0.9994
5.59269557	0.9933
5.59324796	0.9869
5.59361145	0.9813
5.59395999	0.9777
5.59437223	0.9738
5.59481921	0.9689
5.59515197	0.9655
5.59616666	0.9633
5.59674723	0.9616
5.59728989	0.9603
5.59753031	0.9594
5.59777838	0.9579
5.60026400	0.9562
5.60081270	0.9545
5.60113057	0.9535
5.60199692	0.953
5.60312400	0.9525
5.60459218	0.9525
5.6059663	0.9523
5.60701166	0.952
5.60786354	0.9518
5.60926036	0.9515
5.61030421	0.9508
5.61149520	0.9493
5.61276015	0.9476
5.61616260	0.9469
5.61676661	0.9464
5.61707713	0.9444
5.61822854	0.942
5.61950046	0.9403
5.62045265	0.9386
5.62128088	0.9371
5.62240702	0.9359
5.62380942	0.9347
5.62535400	0.9337
5.62614010	0.9325
5.62738374	0.9315
5.62847171	0.931
5.63220083	0.9305
5.63288791	0.9312
5.63321249	0.9327
5.63379432	0.9339
5.63492551	0.9349
5.63606577	0.9361
5.63722515	0.9361
5.63823952	0.9361
5.63951114	0.9364
5.64070213	0.9369
5.64185838	0.9378
5.64340932	0.9395
5.64428249	0.9415
5.64555822	0.943
5.64850869	0.9432
5.64918911	0.9442
5.64953859	0.945
5.65044567	0.9462
5.65166926	0.9491
5.65293307	0.9506
5.65413348	0.9525
5.65538426	0.9555
5.65643197	0.9579
5.65757671	0.9603
5.65975869	0.9633
5.66074437	0.9664
5.66158051	0.9694
5.66245890	0.9711
5.66700442	0.9735
5.66770557	0.9769
5.66803463	0.9779
5.66874812	0.9752
5.66919755	0.9701
5.67209421	0.9664
5.67258291	0.9679
5.67286864	0.9723
5.67345025	0.9782
5.67528656	0.9848
5.67605781	0.9901
5.67692624	0.9948
5.67805400	1.0001
5.68130551	1.0046
5.68232270	1.0075
5.68269197	1.0104
5.68343229	1.0129
5.68496270	1.0153
5.68587598	1.017
5.68694437	1.0182
5.68791249	1.0197
5.68902520	1.0204
5.69018817	1.0216
5.69140906	1.0234
5.69271499	1.0238
5.69379848	1.0221
5.69501374	1.0197
5.69783187	1.018
