t	x	y
0.0000	0.2739	0.5724
0.0334	0.2606	0.5412
0.0667	0.2450	0.4766
0.1001	0.2227	0.4276
0.1335	0.2004	0.3808
0.1668	0.1871	0.3341
0.2002	0.1715	0.2717
0.2336	0.1737	0.2383
0.2669	0.1559	0.2004
0.3003	0.1559	0.1849
0.3336	0.1403	0.1804
0.3670	0.1359	0.1670
0.4004	0.1336	0.1581
0.4337	0.1314	0.1470
0.4671	0.1314	0.1470
0.5005	0.1314	0.1470
0.5338	0.1314	0.1470
0.5672	0.1359	0.1537
0.6006	0.1403	0.1693
0.6339	0.1514	0.1871
0.6673	0.1514	0.2160
0.7007	0.1626	0.2383
0.7340	0.1759	0.2806
0.7674	0.1826	0.3029
0.8008	0.1893	0.3675
0.8341	0.1938	0.4232
0.8675	0.2116	0.4655
0.9008	0.2227	0.5189
0.9342	0.2339	0.5612
0.9676	0.2517	0.6013
1.0009	0.2695	0.6258
1.0343	0.2717	0.6236
1.0677	0.2873	0.6303
